Project25 Gradient_XL_1
1.50
11
15
Type of measurement (0=app.resistivity,1=resistance)
1
1565
2
0
4 0.00 0.00 21.00 0.00 1.50 0.00 3.00 0.00 2.7814
4 0.00 0.00 21.00 0.00 3.00 0.00 4.50 0.00 1.07731
4 1.50 0.00 22.50 0.00 3.00 0.00 4.50 0.00 2.94248
4 0.00 0.00 21.00 0.00 4.50 0.00 6.00 0.00 0.765153
4 0.00 0.00 21.00 0.00 6.00 0.00 7.50 0.00 0.337606
4 1.50 0.00 22.50 0.00 4.50 0.00 6.00 0.00 1.36609
4 3.00 0.00 24.00 0.00 4.50 0.00 6.00 0.00 3.51903
4 0.00 0.00 21.00 0.00 7.50 0.00 9.00 0.00 0.288671
4 1.50 0.00 22.50 0.00 6.00 0.00 7.50 0.00 0.491817
4 1.50 0.00 22.50 0.00 7.50 0.00 9.00 0.00 0.375597
4 3.00 0.00 24.00 0.00 6.00 0.00 7.50 0.00 0.830314
4 0.00 0.00 21.00 0.00 9.00 0.00 10.50 0.00 0.228857
4 0.00 0.00 21.00 0.00 10.50 0.00 12.00 0.00 0.187016
4 1.50 0.00 22.50 0.00 9.00 0.00 10.50 0.00 0.270582
4 3.00 0.00 24.00 0.00 7.50 0.00 9.00 0.00 0.547251
4 4.50 0.00 25.50 0.00 6.00 0.00 7.50 0.00 2.22911
4 1.50 0.00 22.50 0.00 10.50 0.00 12.00 0.00 0.207033
4 3.00 0.00 24.00 0.00 9.00 0.00 10.50 0.00 0.352096
4 4.50 0.00 25.50 0.00 7.50 0.00 9.00 0.00 0.952569
4 0.00 0.00 21.00 0.00 12.00 0.00 13.50 0.00 0.185215
4 1.50 0.00 22.50 0.00 12.00 0.00 13.50 0.00 0.174725
4 0.00 0.00 21.00 0.00 13.50 0.00 15.00 0.00 0.186953
4 3.00 0.00 24.00 0.00 10.50 0.00 12.00 0.00 0.24684
4 4.50 0.00 25.50 0.00 9.00 0.00 10.50 0.00 0.512888
4 6.00 0.00 27.00 0.00 7.50 0.00 9.00 0.00 2.38805
4 0.00 0.00 42.00 0.00 3.00 0.00 6.00 0.00 1.7766
4 4.50 0.00 25.50 0.00 10.50 0.00 12.00 0.00 0.322526
4 0.00 0.00 21.00 0.00 15.00 0.00 16.50 0.00 0.27047
4 6.00 0.00 27.00 0.00 9.00 0.00 10.50 0.00 0.901567
4 1.50 0.00 22.50 0.00 13.50 0.00 15.00 0.00 0.15563
4 3.00 0.00 24.00 0.00 12.00 0.00 13.50 0.00 0.18725
4 7.50 0.00 28.50 0.00 9.00 0.00 10.50 0.00 1.83343
4 1.50 0.00 22.50 0.00 15.00 0.00 16.50 0.00 0.186726
4 3.00 0.00 24.00 0.00 13.50 0.00 15.00 0.00 0.15082
4 4.50 0.00 25.50 0.00 12.00 0.00 13.50 0.00 0.221351
4 6.00 0.00 27.00 0.00 10.50 0.00 12.00 0.00 0.479262
4 0.00 0.00 21.00 0.00 16.50 0.00 18.00 0.00 0.645984
4 1.50 0.00 43.50 0.00 4.50 0.00 7.50 0.00 1.8027
4 0.00 0.00 42.00 0.00 6.00 0.00 9.00 0.00 0.553632
4 6.00 0.00 27.00 0.00 12.00 0.00 13.50 0.00 0.290891
4 7.50 0.00 28.50 0.00 10.50 0.00 12.00 0.00 0.718826
4 3.00 0.00 24.00 0.00 15.00 0.00 16.50 0.00 0.156533
4 4.50 0.00 25.50 0.00 13.50 0.00 15.00 0.00 0.163828
4 1.50 0.00 22.50 0.00 16.50 0.00 18.00 0.00 0.349737
4 0.00 0.00 21.00 0.00 18.00 0.00 19.50 0.00 1.26162
4 9.00 0.00 30.00 0.00 10.50 0.00 12.00 0.00 1.59673
4 6.00 0.00 27.00 0.00 13.50 0.00 15.00 0.00 0.196752
4 4.50 0.00 25.50 0.00 15.00 0.00 16.50 0.00 0.151906
4 3.00 0.00 24.00 0.00 16.50 0.00 18.00 0.00 0.23942
4 7.50 0.00 28.50 0.00 12.00 0.00 13.50 0.00 0.380027
4 1.50 0.00 22.50 0.00 18.00 0.00 19.50 0.00 0.444244
4 3.00 0.00 45.00 0.00 6.00 0.00 9.00 0.00 1.33097
4 0.00 0.00 42.00 0.00 9.00 0.00 12.00 0.00 0.305385
4 1.50 0.00 43.50 0.00 7.50 0.00 10.50 0.00 0.575968
4 6.00 0.00 27.00 0.00 15.00 0.00 16.50 0.00 0.163875
4 7.50 0.00 28.50 0.00 13.50 0.00 15.00 0.00 0.238168
4 9.00 0.00 30.00 0.00 12.00 0.00 13.50 0.00 0.580203
4 1.50 0.00 22.50 0.00 19.50 0.00 21.00 0.00 1.33878
4 4.50 0.00 25.50 0.00 16.50 0.00 18.00 0.00 0.205348
4 3.00 0.00 24.00 0.00 18.00 0.00 19.50 0.00 0.232425
4 7.50 0.00 28.50 0.00 15.00 0.00 16.50 0.00 0.181962
4 9.00 0.00 30.00 0.00 13.50 0.00 15.00 0.00 0.321037
4 3.00 0.00 24.00 0.00 19.50 0.00 21.00 0.00 0.435757
4 6.00 0.00 27.00 0.00 16.50 0.00 18.00 0.00 0.198587
4 4.50 0.00 25.50 0.00 18.00 0.00 19.50 0.00 0.171276
4 10.50 0.00 31.50 0.00 12.00 0.00 13.50 0.00 1.38824
4 4.50 0.00 46.50 0.00 7.50 0.00 10.50 0.00 1.41842
4 0.00 0.00 42.00 0.00 12.00 0.00 15.00 0.00 0.169625
4 1.50 0.00 43.50 0.00 10.50 0.00 13.50 0.00 0.277379
4 3.00 0.00 45.00 0.00 9.00 0.00 12.00 0.00 0.53422
4 10.50 0.00 31.50 0.00 13.50 0.00 15.00 0.00 0.489851
4 4.50 0.00 25.50 0.00 19.50 0.00 21.00 0.00 0.258319
4 7.50 0.00 28.50 0.00 16.50 0.00 18.00 0.00 0.203516
4 9.00 0.00 30.00 0.00 15.00 0.00 16.50 0.00 0.220478
4 3.00 0.00 24.00 0.00 21.00 0.00 22.50 0.00 1.29237
4 6.00 0.00 27.00 0.00 18.00 0.00 19.50 0.00 0.146555
4 6.00 0.00 27.00 0.00 19.50 0.00 21.00 0.00 0.192392
4 12.00 0.00 33.00 0.00 13.50 0.00 15.00 0.00 1.44864
4 10.50 0.00 31.50 0.00 15.00 0.00 16.50 0.00 0.288218
4 4.50 0.00 25.50 0.00 21.00 0.00 22.50 0.00 0.481672
4 7.50 0.00 28.50 0.00 18.00 0.00 19.50 0.00 0.13759
4 9.00 0.00 30.00 0.00 16.50 0.00 18.00 0.00 0.226164
4 6.00 0.00 48.00 0.00 9.00 0.00 12.00 0.00 1.3364
4 0.00 0.00 42.00 0.00 15.00 0.00 18.00 0.00 0.129892
4 3.00 0.00 45.00 0.00 12.00 0.00 15.00 0.00 0.242897
4 1.50 0.00 43.50 0.00 13.50 0.00 16.50 0.00 0.147321
4 4.50 0.00 46.50 0.00 10.50 0.00 13.50 0.00 0.480852
4 0.00 0.00 63.00 0.00 4.50 0.00 9.00 0.00 1.26293
4 4.50 0.00 25.50 0.00 22.50 0.00 24.00 0.00 1.28077
4 7.50 0.00 28.50 0.00 19.50 0.00 21.00 0.00 0.16504
4 9.00 0.00 30.00 0.00 18.00 0.00 19.50 0.00 0.139788
4 12.00 0.00 33.00 0.00 15.00 0.00 16.50 0.00 0.445796
4 6.00 0.00 27.00 0.00 21.00 0.00 22.50 0.00 0.285868
4 10.50 0.00 31.50 0.00 16.50 0.00 18.00 0.00 0.269917
4 10.50 0.00 31.50 0.00 18.00 0.00 19.50 0.00 0.153322
4 13.50 0.00 34.50 0.00 15.00 0.00 16.50 0.00 1.35446
4 9.00 0.00 30.00 0.00 19.50 0.00 21.00 0.00 0.154088
4 7.50 0.00 28.50 0.00 21.00 0.00 22.50 0.00 0.216772
4 12.00 0.00 33.00 0.00 16.50 0.00 18.00 0.00 0.352334
4 6.00 0.00 27.00 0.00 22.50 0.00 24.00 0.00 0.45106
4 0.00 0.00 42.00 0.00 18.00 0.00 21.00 0.00 0.0932251
4 7.50 0.00 49.50 0.00 10.50 0.00 13.50 0.00 1.05503
4 6.00 0.00 48.00 0.00 12.00 0.00 15.00 0.00 0.428093
4 4.50 0.00 46.50 0.00 13.50 0.00 16.50 0.00 0.218749
4 1.50 0.00 43.50 0.00 16.50 0.00 19.50 0.00 0.123962
4 3.00 0.00 45.00 0.00 15.00 0.00 18.00 0.00 0.164062
4 12.00 0.00 33.00 0.00 18.00 0.00 19.50 0.00 0.179851
4 1.50 0.00 64.50 0.00 6.00 0.00 10.50 0.00 1.02716
4 6.00 0.00 27.00 0.00 24.00 0.00 25.50 0.00 1.04689
4 10.50 0.00 31.50 0.00 19.50 0.00 21.00 0.00 0.15646
4 13.50 0.00 34.50 0.00 16.50 0.00 18.00 0.00 0.58039
4 7.50 0.00 28.50 0.00 22.50 0.00 24.00 0.00 0.27752
4 9.00 0.00 30.00 0.00 21.00 0.00 22.50 0.00 0.183215
4 13.50 0.00 34.50 0.00 18.00 0.00 19.50 0.00 0.241715
4 15.00 0.00 36.00 0.00 16.50 0.00 18.00 0.00 1.4923
4 0.00 0.00 63.00 0.00 9.00 0.00 13.50 0.00 0.380652
4 9.00 0.00 30.00 0.00 22.50 0.00 24.00 0.00 0.207411
4 7.50 0.00 28.50 0.00 24.00 0.00 25.50 0.00 0.38721
4 12.00 0.00 33.00 0.00 19.50 0.00 21.00 0.00 0.167908
4 10.50 0.00 31.50 0.00 21.00 0.00 22.50 0.00 0.171727
4 9.00 0.00 51.00 0.00 12.00 0.00 15.00 0.00 0.859673
4 1.50 0.00 43.50 0.00 19.50 0.00 22.50 0.00 0.10296
4 3.00 0.00 45.00 0.00 18.00 0.00 21.00 0.00 0.105054
4 6.00 0.00 48.00 0.00 15.00 0.00 18.00 0.00 0.241353
4 7.50 0.00 49.50 0.00 13.50 0.00 16.50 0.00 0.358581
4 0.00 0.00 42.00 0.00 21.00 0.00 24.00 0.00 0.105709
4 4.50 0.00 46.50 0.00 16.50 0.00 19.50 0.00 0.157428
4 3.00 0.00 66.00 0.00 7.50 0.00 12.00 0.00 1.0396
4 10.50 0.00 31.50 0.00 22.50 0.00 24.00 0.00 0.178943
4 15.00 0.00 36.00 0.00 18.00 0.00 19.50 0.00 0.388497
4 13.50 0.00 34.50 0.00 19.50 0.00 21.00 0.00 0.201627
4 7.50 0.00 28.50 0.00 25.50 0.00 27.00 0.00 1.3484
4 9.00 0.00 30.00 0.00 24.00 0.00 25.50 0.00 0.231369
4 12.00 0.00 33.00 0.00 21.00 0.00 22.50 0.00 0.168555
4 9.00 0.00 30.00 0.00 25.50 0.00 27.00 0.00 0.393963
4 12.00 0.00 33.00 0.00 22.50 0.00 24.00 0.00 0.160907
4 16.50 0.00 37.50 0.00 18.00 0.00 19.50 0.00 0.925249
4 10.50 0.00 31.50 0.00 24.00 0.00 25.50 0.00 0.180657
4 13.50 0.00 34.50 0.00 21.00 0.00 22.50 0.00 0.183325
4 15.00 0.00 36.00 0.00 19.50 0.00 21.00 0.00 0.272273
4 1.50 0.00 64.50 0.00 10.50 0.00 15.00 0.00 0.337446
4 3.00 0.00 45.00 0.00 21.00 0.00 24.00 0.00 0.106785
4 6.00 0.00 48.00 0.00 18.00 0.00 21.00 0.00 0.13499
4 0.00 0.00 42.00 0.00 24.00 0.00 27.00 0.00 0.1005
4 9.00 0.00 51.00 0.00 15.00 0.00 18.00 0.00 0.369279
4 10.50 0.00 52.50 0.00 13.50 0.00 16.50 0.00 0.734748
4 4.50 0.00 46.50 0.00 19.50 0.00 22.50 0.00 0.116226
4 7.50 0.00 49.50 0.00 16.50 0.00 19.50 0.00 0.220751
4 1.50 0.00 43.50 0.00 22.50 0.00 25.50 0.00 0.095829
4 4.50 0.00 67.50 0.00 9.00 0.00 13.50 0.00 0.95452
4 15.00 0.00 36.00 0.00 21.00 0.00 22.50 0.00 0.216888
4 13.50 0.00 34.50 0.00 22.50 0.00 24.00 0.00 0.160906
4 9.00 0.00 30.00 0.00 27.00 0.00 28.50 0.00 1.26272
4 12.00 0.00 33.00 0.00 24.00 0.00 25.50 0.00 0.148341
4 16.50 0.00 37.50 0.00 19.50 0.00 21.00 0.00 0.462868
4 0.00 0.00 63.00 0.00 13.50 0.00 18.00 0.00 0.173941
4 10.50 0.00 31.50 0.00 25.50 0.00 27.00 0.00 0.253375
4 16.50 0.00 37.50 0.00 21.00 0.00 22.50 0.00 0.298307
4 10.50 0.00 31.50 0.00 27.00 0.00 28.50 0.00 0.40723
4 15.00 0.00 36.00 0.00 22.50 0.00 24.00 0.00 0.17245
4 3.00 0.00 66.00 0.00 12.00 0.00 16.50 0.00 0.304445
4 18.00 0.00 39.00 0.00 19.50 0.00 21.00 0.00 1.52428
4 13.50 0.00 34.50 0.00 24.00 0.00 25.50 0.00 0.137646
4 12.00 0.00 33.00 0.00 25.50 0.00 27.00 0.00 0.182156
4 6.00 0.00 48.00 0.00 21.00 0.00 24.00 0.00 0.120648
4 9.00 0.00 51.00 0.00 18.00 0.00 21.00 0.00 0.178638
4 12.00 0.00 54.00 0.00 15.00 0.00 18.00 0.00 0.74451
4 4.50 0.00 46.50 0.00 22.50 0.00 25.50 0.00 0.0965546
4 7.50 0.00 49.50 0.00 19.50 0.00 22.50 0.00 0.14261
4 1.50 0.00 43.50 0.00 25.50 0.00 28.50 0.00 0.0959688
4 10.50 0.00 52.50 0.00 16.50 0.00 19.50 0.00 0.344916
4 0.00 0.00 88.50 0.00 1.50 0.00 9.00 0.00 5.04686
4 3.00 0.00 45.00 0.00 24.00 0.00 27.00 0.00 0.0899569
4 0.00 0.00 42.00 0.00 27.00 0.00 30.00 0.00 0.124777
4 18.00 0.00 39.00 0.00 21.00 0.00 22.50 0.00 0.597244
4 6.00 0.00 69.00 0.00 10.50 0.00 15.00 0.00 0.870803
4 12.00 0.00 33.00 0.00 27.00 0.00 28.50 0.00 0.224793
4 10.50 0.00 31.50 0.00 28.50 0.00 30.00 0.00 2.43735
4 16.50 0.00 37.50 0.00 22.50 0.00 24.00 0.00 0.204786
4 1.50 0.00 64.50 0.00 15.00 0.00 19.50 0.00 0.163333
4 13.50 0.00 34.50 0.00 25.50 0.00 27.00 0.00 0.155373
4 15.00 0.00 36.00 0.00 24.00 0.00 25.50 0.00 0.136255
4 0.00 0.00 84.00 0.00 6.00 0.00 12.00 0.00 0.819629
4 0.00 0.00 91.50 0.00 1.50 0.00 9.00 0.00 5.05494
4 0.00 0.00 85.50 0.00 6.00 0.00 12.00 0.00 0.820356
4 19.50 0.00 40.50 0.00 21.00 0.00 22.50 0.00 1.41516
4 15.00 0.00 36.00 0.00 25.50 0.00 27.00 0.00 0.142967
4 0.00 0.00 63.00 0.00 18.00 0.00 22.50 0.00 0.0979204
4 12.00 0.00 33.00 0.00 28.50 0.00 30.00 0.00 0.477046
4 13.50 0.00 34.50 0.00 27.00 0.00 28.50 0.00 0.170726
4 18.00 0.00 39.00 0.00 22.50 0.00 24.00 0.00 0.317442
4 16.50 0.00 37.50 0.00 24.00 0.00 25.50 0.00 0.144279
4 4.50 0.00 67.50 0.00 13.50 0.00 18.00 0.00 0.297464
4 3.00 0.00 45.00 0.00 27.00 0.00 30.00 0.00 0.101767
4 12.00 0.00 54.00 0.00 18.00 0.00 21.00 0.00 0.273858
4 7.50 0.00 49.50 0.00 22.50 0.00 25.50 0.00 0.10537
4 10.50 0.00 52.50 0.00 19.50 0.00 22.50 0.00 0.189817
4 13.50 0.00 55.50 0.00 16.50 0.00 19.50 0.00 0.76822
4 6.00 0.00 48.00 0.00 24.00 0.00 27.00 0.00 0.0906039
4 0.00 0.00 94.50 0.00 1.50 0.00 9.00 0.00 5.05717
4 1.50 0.00 90.00 0.00 3.00 0.00 10.50 0.00 5.27203
4 9.00 0.00 51.00 0.00 21.00 0.00 24.00 0.00 0.14206
4 0.00 0.00 42.00 0.00 30.00 0.00 33.00 0.00 0.194222
4 4.50 0.00 46.50 0.00 25.50 0.00 28.50 0.00 0.0876523
4 1.50 0.00 43.50 0.00 28.50 0.00 31.50 0.00 0.122132
4 16.50 0.00 37.50 0.00 25.50 0.00 27.00 0.00 0.137997
4 12.00 0.00 33.00 0.00 30.00 0.00 31.50 0.00 2.21637
4 13.50 0.00 34.50 0.00 28.50 0.00 30.00 0.00 0.274278
4 19.50 0.00 40.50 0.00 22.50 0.00 24.00 0.00 0.527492
4 7.50 0.00 70.50 0.00 12.00 0.00 16.50 0.00 0.703277
4 15.00 0.00 36.00 0.00 27.00 0.00 28.50 0.00 0.145846
4 18.00 0.00 39.00 0.00 24.00 0.00 25.50 0.00 0.185063
4 3.00 0.00 66.00 0.00 16.50 0.00 21.00 0.00 0.159077
4 1.50 0.00 85.50 0.00 7.50 0.00 13.50 0.00 0.824445
4 1.50 0.00 93.00 0.00 3.00 0.00 10.50 0.00 5.27102
4 1.50 0.00 87.00 0.00 7.50 0.00 13.50 0.00 0.825444
4 18.00 0.00 39.00 0.00 25.50 0.00 27.00 0.00 0.155428
4 13.50 0.00 34.50 0.00 30.00 0.00 31.50 0.00 0.395416
4 21.00 0.00 42.00 0.00 22.50 0.00 24.00 0.00 1.43157
4 6.00 0.00 69.00 0.00 15.00 0.00 19.50 0.00 0.290257
4 15.00 0.00 36.00 0.00 28.50 0.00 30.00 0.00 0.209331
4 16.50 0.00 37.50 0.00 27.00 0.00 28.50 0.00 0.129094
4 1.50 0.00 64.50 0.00 19.50 0.00 24.00 0.00 0.102143
4 19.50 0.00 40.50 0.00 24.00 0.00 25.50 0.00 0.247613
4 6.00 0.00 48.00 0.00 27.00 0.00 30.00 0.00 0.0911462
4 10.50 0.00 52.50 0.00 22.50 0.00 25.50 0.00 0.124433
4 13.50 0.00 55.50 0.00 19.50 0.00 22.50 0.00 0.296434
4 15.00 0.00 57.00 0.00 18.00 0.00 21.00 0.00 0.607748
4 1.50 0.00 43.50 0.00 31.50 0.00 34.50 0.00 0.208443
4 3.00 0.00 45.00 0.00 30.00 0.00 33.00 0.00 0.139737
4 9.00 0.00 51.00 0.00 24.00 0.00 27.00 0.00 0.0957464
4 4.50 0.00 46.50 0.00 28.50 0.00 31.50 0.00 0.100153
4 12.00 0.00 54.00 0.00 21.00 0.00 24.00 0.00 0.186787
4 3.00 0.00 91.50 0.00 4.50 0.00 12.00 0.00 5.32136
4 0.00 0.00 42.00 0.00 33.00 0.00 36.00 0.00 0.334409
4 7.50 0.00 49.50 0.00 25.50 0.00 28.50 0.00 0.0855507
4 19.50 0.00 40.50 0.00 25.50 0.00 27.00 0.00 0.182282
4 4.50 0.00 67.50 0.00 18.00 0.00 22.50 0.00 0.143361
4 0.00 0.00 63.00 0.00 22.50 0.00 27.00 0.00 0.0708425
4 18.00 0.00 39.00 0.00 27.00 0.00 28.50 0.00 0.131144
4 15.00 0.00 36.00 0.00 30.00 0.00 31.50 0.00 0.245368
4 16.50 0.00 37.50 0.00 28.50 0.00 30.00 0.00 0.166432
4 13.50 0.00 34.50 0.00 31.50 0.00 33.00 0.00 2.13678
4 9.00 0.00 72.00 0.00 13.50 0.00 18.00 0.00 0.65481
4 21.00 0.00 42.00 0.00 24.00 0.00 25.50 0.00 0.425931
4 0.00 0.00 88.50 0.00 9.00 0.00 16.50 0.00 0.491535
4 0.00 0.00 84.00 0.00 12.00 0.00 18.00 0.00 0.263498
4 3.00 0.00 94.50 0.00 4.50 0.00 12.00 0.00 5.32124
4 3.00 0.00 87.00 0.00 9.00 0.00 15.00 0.00 0.750074
4 19.50 0.00 40.50 0.00 27.00 0.00 28.50 0.00 0.139516
4 16.50 0.00 37.50 0.00 30.00 0.00 31.50 0.00 0.171511
4 18.00 0.00 39.00 0.00 28.50 0.00 30.00 0.00 0.151972
4 0.00 0.00 85.50 0.00 12.00 0.00 18.00 0.00 0.263867
4 22.50 0.00 43.50 0.00 24.00 0.00 25.50 0.00 1.23841
4 7.50 0.00 70.50 0.00 16.50 0.00 21.00 0.00 0.273665
4 3.00 0.00 88.50 0.00 9.00 0.00 15.00 0.00 0.750207
4 3.00 0.00 66.00 0.00 21.00 0.00 25.50 0.00 0.0978611
4 15.00 0.00 36.00 0.00 31.50 0.00 33.00 0.00 0.635809
4 21.00 0.00 42.00 0.00 25.50 0.00 27.00 0.00 0.250864
4 13.50 0.00 55.50 0.00 22.50 0.00 25.50 0.00 0.164008
4 15.00 0.00 57.00 0.00 21.00 0.00 24.00 0.00 0.292634
4 1.50 0.00 43.50 0.00 34.50 0.00 37.50 0.00 0.393947
4 3.00 0.00 45.00 0.00 33.00 0.00 36.00 0.00 0.210395
4 6.00 0.00 48.00 0.00 30.00 0.00 33.00 0.00 0.11232
4 7.50 0.00 49.50 0.00 28.50 0.00 31.50 0.00 0.0877861
4 12.00 0.00 54.00 0.00 24.00 0.00 27.00 0.00 0.11199
4 0.00 0.00 42.00 0.00 36.00 0.00 39.00 0.00 0.971893
4 16.50 0.00 58.50 0.00 19.50 0.00 22.50 0.00 0.700531
4 4.50 0.00 46.50 0.00 31.50 0.00 34.50 0.00 0.153565
4 9.00 0.00 51.00 0.00 27.00 0.00 30.00 0.00 0.0863269
4 0.00 0.00 91.50 0.00 9.00 0.00 16.50 0.00 0.491297
4 10.50 0.00 52.50 0.00 25.50 0.00 28.50 0.00 0.0908624
4 15.00 0.00 36.00 0.00 33.00 0.00 34.50 0.00 2.06801
4 10.50 0.00 73.50 0.00 15.00 0.00 19.50 0.00 0.595224
4 21.00 0.00 42.00 0.00 27.00 0.00 28.50 0.00 0.167199
4 6.00 0.00 69.00 0.00 19.50 0.00 24.00 0.00 0.152578
4 18.00 0.00 39.00 0.00 30.00 0.00 31.50 0.00 0.142495
4 19.50 0.00 40.50 0.00 28.50 0.00 30.00 0.00 0.147229
4 16.50 0.00 37.50 0.00 31.50 0.00 33.00 0.00 0.340183
4 1.50 0.00 64.50 0.00 24.00 0.00 28.50 0.00 0.0643442
4 4.50 0.00 94.50 0.00 6.00 0.00 13.50 0.00 4.0783
4 22.50 0.00 43.50 0.00 25.50 0.00 27.00 0.00 0.449053
4 4.50 0.00 88.50 0.00 10.50 0.00 16.50 0.00 0.674131
4 0.00 0.00 94.50 0.00 9.00 0.00 16.50 0.00 0.491106
4 1.50 0.00 90.00 0.00 10.50 0.00 18.00 0.00 0.451524
4 1.50 0.00 85.50 0.00 13.50 0.00 19.50 0.00 0.227977
4 0.00 0.00 63.00 0.00 27.00 0.00 31.50 0.00 0.0545942
4 16.50 0.00 37.50 0.00 33.00 0.00 34.50 0.00 0.573411
4 19.50 0.00 40.50 0.00 30.00 0.00 31.50 0.00 0.128451
4 4.50 0.00 67.50 0.00 22.50 0.00 27.00 0.00 0.0914114
4 22.50 0.00 43.50 0.00 27.00 0.00 28.50 0.00 0.235823
4 24.00 0.00 45.00 0.00 25.50 0.00 27.00 0.00 1.28036
4 21.00 0.00 42.00 0.00 28.50 0.00 30.00 0.00 0.157697
4 18.00 0.00 39.00 0.00 31.50 0.00 33.00 0.00 0.24155
4 1.50 0.00 87.00 0.00 13.50 0.00 19.50 0.00 0.227853
4 9.00 0.00 72.00 0.00 18.00 0.00 22.50 0.00 0.236009
4 4.50 0.00 90.00 0.00 10.50 0.00 16.50 0.00 0.674039
4 1.50 0.00 93.00 0.00 10.50 0.00 18.00 0.00 0.451084
4 9.00 0.00 51.00 0.00 30.00 0.00 33.00 0.00 0.095255
4 10.50 0.00 52.50 0.00 28.50 0.00 31.50 0.00 0.0835362
4 16.50 0.00 58.50 0.00 22.50 0.00 25.50 0.00 0.261915
4 18.00 0.00 60.00 0.00 21.00 0.00 24.00 0.00 0.850295
4 4.50 0.00 46.50 0.00 34.50 0.00 37.50 0.00 0.255862
4 7.50 0.00 49.50 0.00 31.50 0.00 34.50 0.00 0.120092
4 13.50 0.00 55.50 0.00 25.50 0.00 28.50 0.00 0.10644
4 15.00 0.00 57.00 0.00 24.00 0.00 27.00 0.00 0.145745
4 1.50 0.00 43.50 0.00 37.50 0.00 40.50 0.00 0.837297
4 12.00 0.00 54.00 0.00 27.00 0.00 30.00 0.00 0.0903335
4 3.00 0.00 45.00 0.00 36.00 0.00 39.00 0.00 0.424571
4 6.00 0.00 48.00 0.00 33.00 0.00 36.00 0.00 0.152508
4 12.00 0.00 75.00 0.00 16.50 0.00 21.00 0.00 0.578962
4 18.00 0.00 39.00 0.00 33.00 0.00 34.50 0.00 0.312584
4 21.00 0.00 42.00 0.00 30.00 0.00 31.50 0.00 0.127401
4 22.50 0.00 43.50 0.00 28.50 0.00 30.00 0.00 0.190105
4 16.50 0.00 37.50 0.00 34.50 0.00 36.00 0.00 1.75027
4 3.00 0.00 66.00 0.00 25.50 0.00 30.00 0.00 0.0653244
4 19.50 0.00 40.50 0.00 31.50 0.00 33.00 0.00 0.195727
4 24.00 0.00 45.00 0.00 27.00 0.00 28.50 0.00 0.410385
4 7.50 0.00 70.50 0.00 21.00 0.00 25.50 0.00 0.141599
4 0.00 0.00 84.00 0.00 18.00 0.00 24.00 0.00 0.109854
4 3.00 0.00 87.00 0.00 15.00 0.00 21.00 0.00 0.223767
4 6.00 0.00 90.00 0.00 12.00 0.00 18.00 0.00 0.642462
4 3.00 0.00 91.50 0.00 12.00 0.00 19.50 0.00 0.412132
4 19.50 0.00 40.50 0.00 33.00 0.00 34.50 0.00 0.218329
4 0.00 0.00 85.50 0.00 18.00 0.00 24.00 0.00 0.109173
4 22.50 0.00 43.50 0.00 30.00 0.00 31.50 0.00 0.139418
4 6.00 0.00 91.50 0.00 12.00 0.00 18.00 0.00 0.642417
4 1.50 0.00 64.50 0.00 28.50 0.00 33.00 0.00 0.0598322
4 18.00 0.00 39.00 0.00 34.50 0.00 36.00 0.00 0.54767
4 10.50 0.00 73.50 0.00 19.50 0.00 24.00 0.00 0.23901
4 3.00 0.00 88.50 0.00 15.00 0.00 21.00 0.00 0.22364
4 6.00 0.00 69.00 0.00 24.00 0.00 28.50 0.00 0.0847979
4 21.00 0.00 42.00 0.00 31.50 0.00 33.00 0.00 0.176281
4 25.50 0.00 46.50 0.00 27.00 0.00 28.50 0.00 1.06982
4 24.00 0.00 45.00 0.00 28.50 0.00 30.00 0.00 0.260326
4 12.00 0.00 54.00 0.00 30.00 0.00 33.00 0.00 0.0890609
4 18.00 0.00 60.00 0.00 24.00 0.00 27.00 0.00 0.257632
4 15.00 0.00 57.00 0.00 27.00 0.00 30.00 0.00 0.103969
4 4.50 0.00 46.50 0.00 37.50 0.00 40.50 0.00 0.405987
4 13.50 0.00 55.50 0.00 28.50 0.00 31.50 0.00 0.0878249
4 7.50 0.00 49.50 0.00 34.50 0.00 37.50 0.00 0.181191
4 3.00 0.00 94.50 0.00 12.00 0.00 19.50 0.00 0.411821
4 10.50 0.00 52.50 0.00 31.50 0.00 34.50 0.00 0.101313
4 3.00 0.00 45.00 0.00 39.00 0.00 42.00 0.00 0.901765
4 19.50 0.00 61.50 0.00 22.50 0.00 25.50 0.00 0.715654
4 6.00 0.00 48.00 0.00 36.00 0.00 39.00 0.00 0.274292
4 9.00 0.00 51.00 0.00 33.00 0.00 36.00 0.00 0.116021
4 0.00 0.00 88.50 0.00 16.50 0.00 24.00 0.00 0.160682
4 16.50 0.00 58.50 0.00 25.50 0.00 28.50 0.00 0.140396
4 9.00 0.00 72.00 0.00 22.50 0.00 27.00 0.00 0.128583
4 13.50 0.00 76.50 0.00 18.00 0.00 22.50 0.00 0.498157
4 19.50 0.00 40.50 0.00 34.50 0.00 36.00 0.00 0.312855
4 24.00 0.00 45.00 0.00 30.00 0.00 31.50 0.00 0.16896
4 22.50 0.00 43.50 0.00 31.50 0.00 33.00 0.00 0.173145
4 0.00 0.00 63.00 0.00 31.50 0.00 36.00 0.00 0.0642087
4 25.50 0.00 46.50 0.00 28.50 0.00 30.00 0.00 0.414323
4 18.00 0.00 39.00 0.00 36.00 0.00 37.50 0.00 2.46036
4 4.50 0.00 67.50 0.00 27.00 0.00 31.50 0.00 0.0621753
4 21.00 0.00 42.00 0.00 33.00 0.00 34.50 0.00 0.176349
4 1.50 0.00 85.50 0.00 19.50 0.00 25.50 0.00 0.113205
4 0.00 0.00 91.50 0.00 16.50 0.00 24.00 0.00 0.159773
4 4.50 0.00 88.50 0.00 16.50 0.00 22.50 0.00 0.225174
4 7.50 0.00 91.50 0.00 13.50 0.00 19.50 0.00 0.553375
4 24.00 0.00 45.00 0.00 31.50 0.00 33.00 0.00 0.188336
4 4.50 0.00 94.50 0.00 13.50 0.00 21.00 0.00 0.387525
4 12.00 0.00 75.00 0.00 21.00 0.00 25.50 0.00 0.223405
4 4.50 0.00 90.00 0.00 16.50 0.00 22.50 0.00 0.224973
4 3.00 0.00 66.00 0.00 30.00 0.00 34.50 0.00 0.0591331
4 21.00 0.00 42.00 0.00 34.50 0.00 36.00 0.00 0.223172
4 7.50 0.00 70.50 0.00 25.50 0.00 30.00 0.00 0.0829056
4 25.50 0.00 46.50 0.00 30.00 0.00 31.50 0.00 0.218473
4 27.00 0.00 48.00 0.00 28.50 0.00 30.00 0.00 1.37235
4 1.50 0.00 87.00 0.00 19.50 0.00 25.50 0.00 0.113011
4 19.50 0.00 40.50 0.00 36.00 0.00 37.50 0.00 0.773944
4 7.50 0.00 93.00 0.00 13.50 0.00 19.50 0.00 0.553273
4 22.50 0.00 43.50 0.00 33.00 0.00 34.50 0.00 0.156317
4 0.00 0.00 94.50 0.00 16.50 0.00 24.00 0.00 0.158663
4 21.00 0.00 63.00 0.00 24.00 0.00 27.00 0.00 0.619776
4 7.50 0.00 49.50 0.00 37.50 0.00 40.50 0.00 0.260573
4 10.50 0.00 52.50 0.00 34.50 0.00 37.50 0.00 0.137658
4 15.00 0.00 57.00 0.00 30.00 0.00 33.00 0.00 0.0915902
4 19.50 0.00 61.50 0.00 25.50 0.00 28.50 0.00 0.240614
4 16.50 0.00 58.50 0.00 28.50 0.00 31.50 0.00 0.101589
4 18.00 0.00 60.00 0.00 27.00 0.00 30.00 0.00 0.146778
4 13.50 0.00 55.50 0.00 31.50 0.00 34.50 0.00 0.0946981
4 6.00 0.00 48.00 0.00 39.00 0.00 42.00 0.00 0.419911
4 9.00 0.00 51.00 0.00 36.00 0.00 39.00 0.00 0.192825
4 1.50 0.00 90.00 0.00 18.00 0.00 25.50 0.00 0.15101
4 4.50 0.00 46.50 0.00 40.50 0.00 43.50 0.00 0.948956
4 12.00 0.00 54.00 0.00 33.00 0.00 36.00 0.00 0.0965453
4 1.50 0.00 64.50 0.00 33.00 0.00 37.50 0.00 0.0690497
4 25.50 0.00 46.50 0.00 31.50 0.00 33.00 0.00 0.215198
4 19.50 0.00 40.50 0.00 37.50 0.00 39.00 0.00 1.91743
4 10.50 0.00 73.50 0.00 24.00 0.00 28.50 0.00 0.11445
4 6.00 0.00 69.00 0.00 28.50 0.00 33.00 0.00 0.0685051
4 22.50 0.00 43.50 0.00 34.50 0.00 36.00 0.00 0.180369
4 24.00 0.00 45.00 0.00 33.00 0.00 34.50 0.00 0.154912
4 27.00 0.00 48.00 0.00 30.00 0.00 31.50 0.00 0.35868
4 21.00 0.00 42.00 0.00 36.00 0.00 37.50 0.00 0.419665
4 15.00 0.00 78.00 0.00 19.50 0.00 24.00 0.00 0.51813
4 1.50 0.00 93.00 0.00 18.00 0.00 25.50 0.00 0.150704
4 0.00 0.00 84.00 0.00 24.00 0.00 30.00 0.00 0.0671569
4 6.00 0.00 90.00 0.00 18.00 0.00 24.00 0.00 0.206892
4 9.00 0.00 93.00 0.00 15.00 0.00 21.00 0.00 0.52109
4 3.00 0.00 87.00 0.00 21.00 0.00 27.00 0.00 0.110275
4 27.00 0.00 48.00 0.00 31.50 0.00 33.00 0.00 0.282794
4 21.00 0.00 42.00 0.00 37.50 0.00 39.00 0.00 0.608458
4 25.50 0.00 46.50 0.00 33.00 0.00 34.50 0.00 0.160094
4 13.50 0.00 76.50 0.00 22.50 0.00 27.00 0.00 0.20183
4 0.00 0.00 85.50 0.00 24.00 0.00 30.00 0.00 0.0671765
4 6.00 0.00 91.50 0.00 18.00 0.00 24.00 0.00 0.206753
4 4.50 0.00 67.50 0.00 31.50 0.00 36.00 0.00 0.0623144
4 28.50 0.00 49.50 0.00 30.00 0.00 31.50 0.00 1.21411
4 22.50 0.00 43.50 0.00 36.00 0.00 37.50 0.00 0.291937
4 0.00 0.00 63.00 0.00 36.00 0.00 40.50 0.00 0.0944714
4 24.00 0.00 45.00 0.00 34.50 0.00 36.00 0.00 0.166513
4 9.00 0.00 94.50 0.00 15.00 0.00 21.00 0.00 0.520999
4 9.00 0.00 72.00 0.00 27.00 0.00 31.50 0.00 0.0778106
4 3.00 0.00 88.50 0.00 21.00 0.00 27.00 0.00 0.110036
4 13.50 0.00 55.50 0.00 34.50 0.00 37.50 0.00 0.11542
4 3.00 0.00 91.50 0.00 19.50 0.00 27.00 0.00 0.150456
4 22.50 0.00 64.50 0.00 25.50 0.00 28.50 0.00 0.630273
4 9.00 0.00 51.00 0.00 39.00 0.00 42.00 0.00 0.26761
4 21.00 0.00 63.00 0.00 27.00 0.00 30.00 0.00 0.237112
4 18.00 0.00 60.00 0.00 30.00 0.00 33.00 0.00 0.110931
4 12.00 0.00 54.00 0.00 36.00 0.00 39.00 0.00 0.146821
4 16.50 0.00 58.50 0.00 31.50 0.00 34.50 0.00 0.0963542
4 7.50 0.00 49.50 0.00 40.50 0.00 43.50 0.00 0.436746
4 19.50 0.00 61.50 0.00 28.50 0.00 31.50 0.00 0.142332
4 10.50 0.00 52.50 0.00 37.50 0.00 40.50 0.00 0.183824
4 6.00 0.00 48.00 0.00 42.00 0.00 45.00 0.00 0.897707
4 15.00 0.00 57.00 0.00 33.00 0.00 36.00 0.00 0.088056
4 22.50 0.00 43.50 0.00 37.50 0.00 39.00 0.00 0.334781
4 7.50 0.00 70.50 0.00 30.00 0.00 34.50 0.00 0.0660322
4 24.00 0.00 45.00 0.00 36.00 0.00 37.50 0.00 0.249096
4 16.50 0.00 79.50 0.00 21.00 0.00 25.50 0.00 0.509665
4 27.00 0.00 48.00 0.00 33.00 0.00 34.50 0.00 0.182742
4 3.00 0.00 66.00 0.00 34.50 0.00 39.00 0.00 0.072339
4 21.00 0.00 42.00 0.00 39.00 0.00 40.50 0.00 2.10224
4 25.50 0.00 46.50 0.00 34.50 0.00 36.00 0.00 0.159418
4 12.00 0.00 75.00 0.00 25.50 0.00 30.00 0.00 0.112581
4 28.50 0.00 49.50 0.00 31.50 0.00 33.00 0.00 0.460385
4 4.50 0.00 88.50 0.00 22.50 0.00 28.50 0.00 0.101911
4 3.00 0.00 94.50 0.00 19.50 0.00 27.00 0.00 0.15003
4 0.00 0.00 88.50 0.00 24.00 0.00 31.50 0.00 0.0779609
4 1.50 0.00 85.50 0.00 25.50 0.00 31.50 0.00 0.0614329
4 7.50 0.00 91.50 0.00 19.50 0.00 25.50 0.00 0.19959
4 10.50 0.00 94.50 0.00 16.50 0.00 22.50 0.00 0.506329
4 6.00 0.00 69.00 0.00 33.00 0.00 37.50 0.00 0.0673502
4 10.50 0.00 73.50 0.00 28.50 0.00 33.00 0.00 0.0821808
4 15.00 0.00 78.00 0.00 24.00 0.00 28.50 0.00 0.178197
4 1.50 0.00 64.50 0.00 37.50 0.00 42.00 0.00 0.0931455
4 25.50 0.00 46.50 0.00 36.00 0.00 37.50 0.00 0.222331
4 28.50 0.00 49.50 0.00 33.00 0.00 34.50 0.00 0.231458
4 24.00 0.00 45.00 0.00 37.50 0.00 39.00 0.00 0.261255
4 22.50 0.00 43.50 0.00 39.00 0.00 40.50 0.00 0.557501
4 4.50 0.00 90.00 0.00 22.50 0.00 28.50 0.00 0.101674
4 1.50 0.00 87.00 0.00 25.50 0.00 31.50 0.00 0.0611599
4 30.00 0.00 51.00 0.00 31.50 0.00 33.00 0.00 2.41909
4 27.00 0.00 48.00 0.00 34.50 0.00 36.00 0.00 0.165566
4 7.50 0.00 93.00 0.00 19.50 0.00 25.50 0.00 0.199402
4 19.50 0.00 61.50 0.00 31.50 0.00 34.50 0.00 0.115548
4 7.50 0.00 49.50 0.00 43.50 0.00 46.50 0.00 0.875474
4 0.00 0.00 91.50 0.00 24.00 0.00 31.50 0.00 0.0778163
4 24.00 0.00 66.00 0.00 27.00 0.00 30.00 0.00 0.610402
4 12.00 0.00 54.00 0.00 39.00 0.00 42.00 0.00 0.189588
4 16.50 0.00 58.50 0.00 34.50 0.00 37.50 0.00 0.103729
4 18.00 0.00 60.00 0.00 33.00 0.00 36.00 0.00 0.0917881
4 21.00 0.00 63.00 0.00 30.00 0.00 33.00 0.00 0.149999
4 22.50 0.00 64.50 0.00 28.50 0.00 31.50 0.00 0.244811
4 9.00 0.00 51.00 0.00 42.00 0.00 45.00 0.00 0.41477
4 10.50 0.00 52.50 0.00 40.50 0.00 43.50 0.00 0.278874
4 13.50 0.00 55.50 0.00 37.50 0.00 40.50 0.00 0.142808
4 15.00 0.00 57.00 0.00 36.00 0.00 39.00 0.00 0.12194
4 13.50 0.00 76.50 0.00 27.00 0.00 31.50 0.00 0.104917
4 25.50 0.00 46.50 0.00 37.50 0.00 39.00 0.00 0.216796
4 0.00 0.00 63.00 0.00 40.50 0.00 45.00 0.00 0.130318
4 9.00 0.00 72.00 0.00 31.50 0.00 36.00 0.00 0.0683119
4 4.50 0.00 94.50 0.00 21.00 0.00 28.50 0.00 0.143204
4 18.00 0.00 81.00 0.00 22.50 0.00 27.00 0.00 0.525801
4 4.50 0.00 67.50 0.00 36.00 0.00 40.50 0.00 0.0783362
4 28.50 0.00 49.50 0.00 34.50 0.00 36.00 0.00 0.182645
4 22.50 0.00 43.50 0.00 40.50 0.00 42.00 0.00 1.6449
4 24.00 0.00 45.00 0.00 39.00 0.00 40.50 0.00 0.360944
4 30.00 0.00 51.00 0.00 33.00 0.00 34.50 0.00 0.430879
4 27.00 0.00 48.00 0.00 36.00 0.00 37.50 0.00 0.214825
4 9.00 0.00 93.00 0.00 21.00 0.00 27.00 0.00 0.190062
4 0.00 0.00 84.00 0.00 30.00 0.00 36.00 0.00 0.0473905
4 1.50 0.00 90.00 0.00 25.50 0.00 33.00 0.00 0.0753482
4 0.00 0.00 94.50 0.00 24.00 0.00 31.50 0.00 0.0777352
4 6.00 0.00 90.00 0.00 24.00 0.00 30.00 0.00 0.0984775
4 3.00 0.00 87.00 0.00 27.00 0.00 33.00 0.00 0.0632438
4 24.00 0.00 45.00 0.00 40.50 0.00 42.00 0.00 0.600091
4 9.00 0.00 94.50 0.00 21.00 0.00 27.00 0.00 0.189893
4 7.50 0.00 70.50 0.00 34.50 0.00 39.00 0.00 0.0693263
4 0.00 0.00 85.50 0.00 30.00 0.00 36.00 0.00 0.0468239
4 3.00 0.00 66.00 0.00 39.00 0.00 43.50 0.00 0.0973725
4 30.00 0.00 51.00 0.00 34.50 0.00 36.00 0.00 0.242538
4 27.00 0.00 48.00 0.00 37.50 0.00 39.00 0.00 0.196742
4 12.00 0.00 75.00 0.00 30.00 0.00 34.50 0.00 0.0794688
4 6.00 0.00 91.50 0.00 24.00 0.00 30.00 0.00 0.0982863
4 25.50 0.00 46.50 0.00 39.00 0.00 40.50 0.00 0.270529
4 3.00 0.00 88.50 0.00 27.00 0.00 33.00 0.00 0.06289
4 31.50 0.00 52.50 0.00 33.00 0.00 34.50 0.00 2.2458
4 28.50 0.00 49.50 0.00 36.00 0.00 37.50 0.00 0.216902
4 16.50 0.00 79.50 0.00 25.50 0.00 30.00 0.00 0.177263
4 9.00 0.00 51.00 0.00 45.00 0.00 48.00 0.00 0.932583
4 10.50 0.00 52.50 0.00 43.50 0.00 46.50 0.00 0.397176
4 16.50 0.00 58.50 0.00 37.50 0.00 40.50 0.00 0.117386
4 18.00 0.00 60.00 0.00 36.00 0.00 39.00 0.00 0.112838
4 21.00 0.00 63.00 0.00 33.00 0.00 36.00 0.00 0.106862
4 1.50 0.00 93.00 0.00 25.50 0.00 33.00 0.00 0.0747604
4 13.50 0.00 55.50 0.00 40.50 0.00 43.50 0.00 0.20175
4 15.00 0.00 57.00 0.00 39.00 0.00 42.00 0.00 0.14516
4 24.00 0.00 66.00 0.00 30.00 0.00 33.00 0.00 0.257371
4 25.50 0.00 67.50 0.00 28.50 0.00 31.50 0.00 0.573159
4 12.00 0.00 54.00 0.00 42.00 0.00 45.00 0.00 0.262895
4 19.50 0.00 61.50 0.00 34.50 0.00 37.50 0.00 0.107555
4 22.50 0.00 64.50 0.00 31.50 0.00 34.50 0.00 0.163215
4 25.50 0.00 46.50 0.00 40.50 0.00 42.00 0.00 0.355345
4 31.50 0.00 52.50 0.00 34.50 0.00 36.00 0.00 0.387378
4 28.50 0.00 49.50 0.00 37.50 0.00 39.00 0.00 0.185195
4 24.00 0.00 45.00 0.00 42.00 0.00 43.50 0.00 2.1037
4 30.00 0.00 51.00 0.00 36.00 0.00 37.50 0.00 0.2504
4 27.00 0.00 48.00 0.00 39.00 0.00 40.50 0.00 0.228983
4 15.00 0.00 78.00 0.00 28.50 0.00 33.00 0.00 0.109259
4 10.50 0.00 73.50 0.00 33.00 0.00 37.50 0.00 0.0704066
4 19.50 0.00 82.50 0.00 24.00 0.00 28.50 0.00 0.444418
4 6.00 0.00 69.00 0.00 37.50 0.00 42.00 0.00 0.0776046
4 1.50 0.00 64.50 0.00 42.00 0.00 46.50 0.00 -0.760208
4 4.50 0.00 88.50 0.00 28.50 0.00 34.50 0.00 0.0651274
4 3.00 0.00 91.50 0.00 27.00 0.00 34.50 0.00 0.0749282
4 10.50 0.00 94.50 0.00 22.50 0.00 28.50 0.00 0.170608
4 1.50 0.00 85.50 0.00 31.50 0.00 37.50 0.00 0.0527819
4 7.50 0.00 91.50 0.00 25.50 0.00 31.50 0.00 0.0933067
4 30.00 0.00 51.00 0.00 37.50 0.00 39.00 0.00 0.194425
4 27.00 0.00 48.00 0.00 40.50 0.00 42.00 0.00 0.271836
4 0.00 0.00 63.00 0.00 45.00 0.00 49.50 0.00 0.194092
4 33.00 0.00 54.00 0.00 34.50 0.00 36.00 0.00 1.88822
4 18.00 0.00 81.00 0.00 27.00 0.00 31.50 0.00 0.178642
4 9.00 0.00 72.00 0.00 36.00 0.00 40.50 0.00 0.0738768
4 4.50 0.00 67.50 0.00 40.50 0.00 45.00 0.00 0.0939255
4 25.50 0.00 46.50 0.00 42.00 0.00 43.50 0.00 0.652489
4 31.50 0.00 52.50 0.00 36.00 0.00 37.50 0.00 0.314952
4 28.50 0.00 49.50 0.00 39.00 0.00 40.50 0.00 0.201424
4 4.50 0.00 90.00 0.00 28.50 0.00 34.50 0.00 0.0647784
4 1.50 0.00 87.00 0.00 31.50 0.00 37.50 0.00 0.0522861
4 13.50 0.00 76.50 0.00 31.50 0.00 36.00 0.00 0.0809683
4 7.50 0.00 93.00 0.00 25.50 0.00 31.50 0.00 0.0930828
4 21.00 0.00 63.00 0.00 36.00 0.00 39.00 0.00 0.116231
4 24.00 0.00 66.00 0.00 33.00 0.00 36.00 0.00 0.150578
4 10.50 0.00 52.50 0.00 46.50 0.00 49.50 0.00 0.934155
4 27.00 0.00 69.00 0.00 30.00 0.00 33.00 0.00 0.572822
4 19.50 0.00 61.50 0.00 37.50 0.00 40.50 0.00 0.108442
4 22.50 0.00 64.50 0.00 34.50 0.00 37.50 0.00 0.128282
4 3.00 0.00 94.50 0.00 27.00 0.00 34.50 0.00 0.0742357
4 0.00 0.00 88.50 0.00 31.50 0.00 39.00 0.00 0.0592284
4 16.50 0.00 58.50 0.00 40.50 0.00 43.50 0.00 0.153421
4 25.50 0.00 67.50 0.00 31.50 0.00 34.50 0.00 0.264112
4 12.00 0.00 54.00 0.00 45.00 0.00 48.00 0.00 0.400619
4 13.50 0.00 55.50 0.00 43.50 0.00 46.50 0.00 -4.02216
4 18.00 0.00 60.00 0.00 39.00 0.00 42.00 0.00 0.121355
4 15.00 0.00 57.00 0.00 42.00 0.00 45.00 0.00 0.187615
4 31.50 0.00 52.50 0.00 37.50 0.00 39.00 0.00 0.216357
4 28.50 0.00 49.50 0.00 40.50 0.00 42.00 0.00 0.223344
4 3.00 0.00 66.00 0.00 43.50 0.00 48.00 0.00 0.120152
4 7.50 0.00 70.50 0.00 39.00 0.00 43.50 0.00 0.0799646
4 25.50 0.00 46.50 0.00 43.50 0.00 45.00 0.00 2.25361
4 30.00 0.00 51.00 0.00 39.00 0.00 40.50 0.00 0.194745
4 27.00 0.00 48.00 0.00 42.00 0.00 43.50 0.00 0.400797
4 12.00 0.00 75.00 0.00 34.50 0.00 39.00 0.00 0.0729573
4 33.00 0.00 54.00 0.00 36.00 0.00 37.50 0.00 0.605573
4 16.50 0.00 79.50 0.00 30.00 0.00 34.50 0.00 0.105913
4 21.00 0.00 84.00 0.00 25.50 0.00 30.00 0.00 0.442584
4 9.00 0.00 93.00 0.00 27.00 0.00 33.00 0.00 0.0938015
4 6.00 0.00 90.00 0.00 30.00 0.00 36.00 0.00 0.0655166
4 0.00 0.00 91.50 0.00 31.50 0.00 39.00 0.00 0.0580948
4 0.00 0.00 84.00 0.00 36.00 0.00 42.00 0.00 0.0496756
4 3.00 0.00 87.00 0.00 33.00 0.00 39.00 0.00 0.0528675
4 3.00 0.00 88.50 0.00 33.00 0.00 39.00 0.00 0.0523301
4 33.00 0.00 54.00 0.00 37.50 0.00 39.00 0.00 0.31225
4 9.00 0.00 94.50 0.00 27.00 0.00 33.00 0.00 0.0935685
4 31.50 0.00 52.50 0.00 39.00 0.00 40.50 0.00 0.196331
4 28.50 0.00 49.50 0.00 42.00 0.00 43.50 0.00 0.297398
4 15.00 0.00 78.00 0.00 33.00 0.00 37.50 0.00 0.081669
4 1.50 0.00 64.50 0.00 46.50 0.00 51.00 0.00 1.06568
4 27.00 0.00 48.00 0.00 43.50 0.00 45.00 0.00 0.553811
4 34.50 0.00 55.50 0.00 36.00 0.00 37.50 0.00 2.09885
4 6.00 0.00 91.50 0.00 30.00 0.00 36.00 0.00 0.0652385
4 19.50 0.00 82.50 0.00 28.50 0.00 33.00 0.00 0.185756
4 6.00 0.00 69.00 0.00 42.00 0.00 46.50 0.00 -2.71226
4 0.00 0.00 85.50 0.00 36.00 0.00 42.00 0.00 0.0486923
4 30.00 0.00 51.00 0.00 40.50 0.00 42.00 0.00 0.202453
4 4.50 0.00 94.50 0.00 28.50 0.00 36.00 0.00 0.0763929
4 10.50 0.00 73.50 0.00 37.50 0.00 42.00 0.00 0.0708096
4 27.00 0.00 69.00 0.00 33.00 0.00 36.00 0.00 0.236129
4 15.00 0.00 57.00 0.00 45.00 0.00 48.00 0.00 0.253205
4 19.50 0.00 61.50 0.00 40.50 0.00 43.50 0.00 0.128813
4 16.50 0.00 58.50 0.00 43.50 0.00 46.50 0.00 -6.07629
4 18.00 0.00 60.00 0.00 42.00 0.00 45.00 0.00 0.144873
4 13.50 0.00 55.50 0.00 46.50 0.00 49.50 0.00 4.68458
4 22.50 0.00 64.50 0.00 37.50 0.00 40.50 0.00 0.113209
4 25.50 0.00 67.50 0.00 34.50 0.00 37.50 0.00 0.172051
4 12.00 0.00 54.00 0.00 48.00 0.00 51.00 0.00 0.841295
4 1.50 0.00 90.00 0.00 33.00 0.00 40.50 0.00 0.0600961
4 0.00 0.00 94.50 0.00 31.50 0.00 39.00 0.00 0.0571955
4 28.50 0.00 70.50 0.00 31.50 0.00 34.50 0.00 0.617211
4 21.00 0.00 63.00 0.00 39.00 0.00 42.00 0.00 0.111417
4 24.00 0.00 66.00 0.00 36.00 0.00 39.00 0.00 0.140757
4 22.50 0.00 85.50 0.00 27.00 0.00 31.50 0.00 0.438787
4 30.00 0.00 51.00 0.00 42.00 0.00 43.50 0.00 0.251763
4 9.00 0.00 72.00 0.00 40.50 0.00 45.00 0.00 0.0768239
4 0.00 0.00 63.00 0.00 49.50 0.00 54.00 0.00 0.260561
4 33.00 0.00 54.00 0.00 39.00 0.00 40.50 0.00 0.235741
4 27.00 0.00 48.00 0.00 45.00 0.00 46.50 0.00 -1.49041
4 28.50 0.00 49.50 0.00 43.50 0.00 45.00 0.00 0.32256
4 31.50 0.00 52.50 0.00 40.50 0.00 42.00 0.00 0.189992
4 13.50 0.00 76.50 0.00 36.00 0.00 40.50 0.00 0.0769674
4 34.50 0.00 55.50 0.00 37.50 0.00 39.00 0.00 0.569335
4 18.00 0.00 81.00 0.00 31.50 0.00 36.00 0.00 0.113394
4 4.50 0.00 67.50 0.00 45.00 0.00 49.50 0.00 0.124647
4 4.50 0.00 88.50 0.00 34.50 0.00 40.50 0.00 0.0566436
4 10.50 0.00 94.50 0.00 28.50 0.00 34.50 0.00 0.0940019
4 1.50 0.00 93.00 0.00 33.00 0.00 40.50 0.00 0.0589144
4 7.50 0.00 91.50 0.00 31.50 0.00 37.50 0.00 0.0713321
4 1.50 0.00 85.50 0.00 37.50 0.00 43.50 0.00 0.0502854
4 30.00 0.00 51.00 0.00 43.50 0.00 45.00 0.00 0.24681
4 1.50 0.00 87.00 0.00 37.50 0.00 43.50 0.00 0.0493425
4 31.50 0.00 52.50 0.00 42.00 0.00 43.50 0.00 0.221016
4 34.50 0.00 55.50 0.00 39.00 0.00 40.50 0.00 0.323486
4 28.50 0.00 49.50 0.00 45.00 0.00 46.50 0.00 -12.618
4 21.00 0.00 84.00 0.00 30.00 0.00 34.50 0.00 0.183742
4 12.00 0.00 75.00 0.00 39.00 0.00 43.50 0.00 0.0740153
4 33.00 0.00 54.00 0.00 40.50 0.00 42.00 0.00 0.203731
4 4.50 0.00 90.00 0.00 34.50 0.00 40.50 0.00 0.0560152
4 16.50 0.00 79.50 0.00 34.50 0.00 39.00 0.00 0.0848009
4 3.00 0.00 66.00 0.00 48.00 0.00 52.50 0.00 0.166152
4 36.00 0.00 57.00 0.00 37.50 0.00 39.00 0.00 1.77153
4 7.50 0.00 93.00 0.00 31.50 0.00 37.50 0.00 0.0709512
4 7.50 0.00 70.50 0.00 43.50 0.00 48.00 0.00 0.086699
4 13.50 0.00 55.50 0.00 49.50 0.00 52.50 0.00 0.856026
4 22.50 0.00 64.50 0.00 40.50 0.00 43.50 0.00 0.119042
4 25.50 0.00 67.50 0.00 37.50 0.00 40.50 0.00 0.132693
4 21.00 0.00 63.00 0.00 42.00 0.00 45.00 0.00 0.121704
4 18.00 0.00 60.00 0.00 45.00 0.00 48.00 0.00 0.180753
4 19.50 0.00 61.50 0.00 43.50 0.00 46.50 0.00 -3.49357
4 28.50 0.00 70.50 0.00 34.50 0.00 37.50 0.00 0.264668
4 16.50 0.00 58.50 0.00 46.50 0.00 49.50 0.00 5.86204
4 24.00 0.00 66.00 0.00 39.00 0.00 42.00 0.00 0.11643
4 30.00 0.00 72.00 0.00 33.00 0.00 36.00 0.00 0.599213
4 3.00 0.00 91.50 0.00 34.50 0.00 42.00 0.00 0.0637023
4 15.00 0.00 57.00 0.00 48.00 0.00 51.00 0.00 0.354126
4 27.00 0.00 69.00 0.00 36.00 0.00 39.00 0.00 0.188097
4 33.00 0.00 54.00 0.00 42.00 0.00 43.50 0.00 0.217321
4 30.00 0.00 51.00 0.00 45.00 0.00 46.50 0.00 -19.9941
4 31.50 0.00 52.50 0.00 43.50 0.00 45.00 0.00 0.200743
4 36.00 0.00 57.00 0.00 39.00 0.00 40.50 0.00 0.552723
4 19.50 0.00 82.50 0.00 33.00 0.00 37.50 0.00 0.1142
4 6.00 0.00 69.00 0.00 46.50 0.00 51.00 0.00 2.92304
4 24.00 0.00 87.00 0.00 28.50 0.00 33.00 0.00 0.467902
4 10.50 0.00 73.50 0.00 42.00 0.00 46.50 0.00 -3.9489
4 15.00 0.00 78.00 0.00 37.50 0.00 42.00 0.00 0.0726524
4 1.50 0.00 64.50 0.00 51.00 0.00 55.50 0.00 0.261228
4 28.50 0.00 49.50 0.00 46.50 0.00 48.00 0.00 14.9837
4 34.50 0.00 55.50 0.00 40.50 0.00 42.00 0.00 0.239081
4 6.00 0.00 90.00 0.00 36.00 0.00 42.00 0.00 0.0611877
4 3.00 0.00 87.00 0.00 39.00 0.00 45.00 0.00 0.050944
4 9.00 0.00 93.00 0.00 33.00 0.00 39.00 0.00 0.0703941
4 3.00 0.00 94.50 0.00 34.50 0.00 42.00 0.00 0.0623327
4 0.00 0.00 88.50 0.00 39.00 0.00 46.50 0.00 0.0598474
4 0.00 0.00 84.00 0.00 42.00 0.00 48.00 0.00 0.0471518
4 34.50 0.00 55.50 0.00 42.00 0.00 43.50 0.00 0.228718
4 6.00 0.00 91.50 0.00 36.00 0.00 42.00 0.00 0.0606109
4 3.00 0.00 88.50 0.00 39.00 0.00 45.00 0.00 0.0498661
4 18.00 0.00 81.00 0.00 36.00 0.00 40.50 0.00 0.0928105
4 4.50 0.00 67.50 0.00 49.50 0.00 54.00 0.00 0.149564
4 31.50 0.00 52.50 0.00 45.00 0.00 46.50 0.00 -14.9858
4 33.00 0.00 54.00 0.00 43.50 0.00 45.00 0.00 0.183788
4 37.50 0.00 58.50 0.00 39.00 0.00 40.50 0.00 2.24119
4 9.00 0.00 94.50 0.00 33.00 0.00 39.00 0.00 0.0699865
4 0.00 0.00 63.00 0.00 54.00 0.00 58.50 0.00 0.596447
4 30.00 0.00 51.00 0.00 46.50 0.00 48.00 0.00 20.9857
4 36.00 0.00 57.00 0.00 40.50 0.00 42.00 0.00 0.322359
4 13.50 0.00 76.50 0.00 40.50 0.00 45.00 0.00 0.0701167
4 22.50 0.00 85.50 0.00 31.50 0.00 36.00 0.00 0.197612
4 9.00 0.00 72.00 0.00 45.00 0.00 49.50 0.00 0.0891169
4 0.00 0.00 85.50 0.00 42.00 0.00 48.00 0.00 0.0455324
4 24.00 0.00 66.00 0.00 42.00 0.00 45.00 0.00 0.113018
4 25.50 0.00 67.50 0.00 40.50 0.00 43.50 0.00 0.122194
4 18.00 0.00 60.00 0.00 48.00 0.00 51.00 0.00 0.224402
4 31.50 0.00 73.50 0.00 34.50 0.00 37.50 0.00 0.612407
4 28.50 0.00 70.50 0.00 37.50 0.00 40.50 0.00 0.173923
4 16.50 0.00 58.50 0.00 49.50 0.00 52.50 0.00 0.336138
4 21.00 0.00 63.00 0.00 45.00 0.00 48.00 0.00 0.14049
4 22.50 0.00 64.50 0.00 43.50 0.00 46.50 0.00 -6.55617
4 15.00 0.00 57.00 0.00 51.00 0.00 54.00 0.00 0.785185
4 30.00 0.00 72.00 0.00 36.00 0.00 39.00 0.00 0.302042
4 27.00 0.00 69.00 0.00 39.00 0.00 42.00 0.00 0.135107
4 19.50 0.00 61.50 0.00 46.50 0.00 49.50 0.00 2.31674
4 0.00 0.00 91.50 0.00 39.00 0.00 46.50 0.00 0.053287
4 33.00 0.00 54.00 0.00 45.00 0.00 46.50 0.00 -12.9083
4 34.50 0.00 55.50 0.00 43.50 0.00 45.00 0.00 0.179487
4 4.50 0.00 94.50 0.00 36.00 0.00 43.50 0.00 0.0679938
4 12.00 0.00 75.00 0.00 43.50 0.00 48.00 0.00 0.0704134
4 31.50 0.00 52.50 0.00 46.50 0.00 48.00 0.00 15.606
4 25.50 0.00 88.50 0.00 30.00 0.00 34.50 0.00 0.43849
4 37.50 0.00 58.50 0.00 40.50 0.00 42.00 0.00 0.67372
4 21.00 0.00 84.00 0.00 34.50 0.00 39.00 0.00 0.121755
4 7.50 0.00 70.50 0.00 48.00 0.00 52.50 0.00 0.108096
4 16.50 0.00 79.50 0.00 39.00 0.00 43.50 0.00 0.07551
4 30.00 0.00 51.00 0.00 48.00 0.00 49.50 0.00 2.28254
4 3.00 0.00 66.00 0.00 52.50 0.00 57.00 0.00 0.250862
4 36.00 0.00 57.00 0.00 42.00 0.00 43.50 0.00 0.263072
4 1.50 0.00 90.00 0.00 40.50 0.00 48.00 0.00 0.0553073
4 0.00 0.00 94.50 0.00 39.00 0.00 46.50 0.00 0.174085
4 7.50 0.00 91.50 0.00 37.50 0.00 43.50 0.00 0.0607968
4 4.50 0.00 88.50 0.00 40.50 0.00 46.50 0.00 -8.46426
4 10.50 0.00 94.50 0.00 34.50 0.00 40.50 0.00 0.0735249
4 1.50 0.00 85.50 0.00 43.50 0.00 49.50 0.00 0.0465728
4 39.00 0.00 60.00 0.00 40.50 0.00 42.00 0.00 1.98451
4 36.00 0.00 57.00 0.00 43.50 0.00 45.00 0.00 0.186963
4 24.00 0.00 87.00 0.00 33.00 0.00 37.50 0.00 0.203231
4 10.50 0.00 73.50 0.00 46.50 0.00 51.00 0.00 4.10666
4 1.50 0.00 87.00 0.00 43.50 0.00 49.50 0.00 0.0450162
4 19.50 0.00 82.50 0.00 37.50 0.00 42.00 0.00 0.0882445
4 15.00 0.00 78.00 0.00 42.00 0.00 46.50 0.00 -3.151
4 33.00 0.00 54.00 0.00 46.50 0.00 48.00 0.00 12.1507
4 1.50 0.00 64.50 0.00 55.50 0.00 60.00 0.00 0.603645
4 7.50 0.00 93.00 0.00 37.50 0.00 43.50 0.00 0.0601418
4 6.00 0.00 69.00 0.00 51.00 0.00 55.50 0.00 0.15051
4 31.50 0.00 52.50 0.00 48.00 0.00 49.50 0.00 0.649095
4 4.50 0.00 90.00 0.00 40.50 0.00 46.50 0.00 -8.45603
4 34.50 0.00 55.50 0.00 45.00 0.00 46.50 0.00 -7.84676
4 37.50 0.00 58.50 0.00 42.00 0.00 43.50 0.00 0.386445
4 27.00 0.00 69.00 0.00 42.00 0.00 45.00 0.00 0.117582
4 18.00 0.00 60.00 0.00 51.00 0.00 54.00 0.00 0.320838
4 21.00 0.00 63.00 0.00 48.00 0.00 51.00 0.00 0.163524
4 1.50 0.00 93.00 0.00 40.50 0.00 48.00 0.00 0.0531156
4 30.00 0.00 72.00 0.00 39.00 0.00 42.00 0.00 0.179422
4 24.00 0.00 66.00 0.00 45.00 0.00 48.00 0.00 0.117119
4 25.50 0.00 67.50 0.00 43.50 0.00 46.50 0.00 -6.46634
4 19.50 0.00 61.50 0.00 49.50 0.00 52.50 0.00 0.216335
4 22.50 0.00 64.50 0.00 46.50 0.00 49.50 0.00 6.8143
4 31.50 0.00 73.50 0.00 37.50 0.00 40.50 0.00 0.275926
4 28.50 0.00 70.50 0.00 40.50 0.00 43.50 0.00 0.13957
4 16.50 0.00 58.50 0.00 52.50 0.00 55.50 0.00 0.795421
4 33.00 0.00 75.00 0.00 36.00 0.00 39.00 0.00 0.822144
4 9.00 0.00 72.00 0.00 49.50 0.00 54.00 0.00 0.0970181
4 27.00 0.00 90.00 0.00 31.50 0.00 36.00 0.00 0.460085
4 4.50 0.00 67.50 0.00 54.00 0.00 58.50 0.00 0.258026
4 31.50 0.00 52.50 0.00 49.50 0.00 51.00 0.00 1.62082
4 13.50 0.00 76.50 0.00 45.00 0.00 49.50 0.00 0.0714147
4 34.50 0.00 55.50 0.00 46.50 0.00 48.00 0.00 8.27676
4 39.00 0.00 60.00 0.00 42.00 0.00 43.50 0.00 0.655993
4 33.00 0.00 54.00 0.00 48.00 0.00 49.50 0.00 0.38421
4 22.50 0.00 85.50 0.00 36.00 0.00 40.50 0.00 0.13461
4 18.00 0.00 81.00 0.00 40.50 0.00 45.00 0.00 0.073927
4 36.00 0.00 57.00 0.00 45.00 0.00 46.50 0.00 -14.7148
4 37.50 0.00 58.50 0.00 43.50 0.00 45.00 0.00 0.228067
4 6.00 0.00 90.00 0.00 42.00 0.00 48.00 0.00 0.0515604
4 9.00 0.00 93.00 0.00 39.00 0.00 45.00 0.00 0.0602933
4 3.00 0.00 91.50 0.00 42.00 0.00 49.50 0.00 0.0564813
4 0.00 0.00 84.00 0.00 48.00 0.00 54.00 0.00 0.0449333
4 3.00 0.00 87.00 0.00 45.00 0.00 51.00 0.00 0.0468337
4 33.00 0.00 54.00 0.00 49.50 0.00 51.00 0.00 0.522411
4 3.00 0.00 88.50 0.00 45.00 0.00 51.00 0.00 0.0453368
4 6.00 0.00 91.50 0.00 42.00 0.00 48.00 0.00 0.0507126
4 36.00 0.00 57.00 0.00 46.50 0.00 48.00 0.00 15.1173
4 40.50 0.00 61.50 0.00 42.00 0.00 43.50 0.00 2.2027
4 9.00 0.00 94.50 0.00 39.00 0.00 45.00 0.00 0.0595748
4 25.50 0.00 88.50 0.00 34.50 0.00 39.00 0.00 0.21275
4 39.00 0.00 60.00 0.00 43.50 0.00 45.00 0.00 0.299029
4 16.50 0.00 79.50 0.00 43.50 0.00 48.00 0.00 0.0632739
4 3.00 0.00 66.00 0.00 57.00 0.00 61.50 0.00 0.563519
4 21.00 0.00 84.00 0.00 39.00 0.00 43.50 0.00 0.0934079
4 7.50 0.00 70.50 0.00 52.50 0.00 57.00 0.00 0.142038
4 34.50 0.00 55.50 0.00 48.00 0.00 49.50 0.00 0.28544
4 37.50 0.00 58.50 0.00 45.00 0.00 46.50 0.00 -12.3729
4 0.00 0.00 85.50 0.00 48.00 0.00 54.00 0.00 0.042628
4 12.00 0.00 75.00 0.00 48.00 0.00 52.50 0.00 0.0780094
4 24.00 0.00 66.00 0.00 48.00 0.00 51.00 0.00 0.126394
4 34.50 0.00 76.50 0.00 37.50 0.00 40.50 0.00 0.797899
4 27.00 0.00 69.00 0.00 45.00 0.00 48.00 0.00 0.110635
4 28.50 0.00 70.50 0.00 43.50 0.00 46.50 0.00 -1.1884
4 19.50 0.00 61.50 0.00 52.50 0.00 55.50 0.00 0.316221
4 22.50 0.00 64.50 0.00 49.50 0.00 52.50 0.00 0.154894
4 31.50 0.00 73.50 0.00 40.50 0.00 43.50 0.00 0.183554
4 3.00 0.00 94.50 0.00 42.00 0.00 49.50 0.00 0.053986
4 0.00 0.00 88.50 0.00 46.50 0.00 54.00 0.00 0.0490772
4 33.00 0.00 75.00 0.00 39.00 0.00 42.00 0.00 0.298586
4 25.50 0.00 67.50 0.00 46.50 0.00 49.50 0.00 6.6924
4 30.00 0.00 72.00 0.00 42.00 0.00 45.00 0.00 0.136409
4 18.00 0.00 60.00 0.00 54.00 0.00 57.00 0.00 0.827915
4 21.00 0.00 63.00 0.00 51.00 0.00 54.00 0.00 0.205951
4 34.50 0.00 55.50 0.00 49.50 0.00 51.00 0.00 0.305069
4 19.50 0.00 82.50 0.00 42.00 0.00 46.50 0.00 -3.17127
4 6.00 0.00 69.00 0.00 55.50 0.00 60.00 0.00 0.261797
4 39.00 0.00 60.00 0.00 45.00 0.00 46.50 0.00 -10.7905
4 40.50 0.00 61.50 0.00 43.50 0.00 45.00 0.00 0.493927
4 24.00 0.00 87.00 0.00 37.50 0.00 42.00 0.00 0.131664
4 10.50 0.00 73.50 0.00 51.00 0.00 55.50 0.00 0.0924983
4 37.50 0.00 58.50 0.00 46.50 0.00 48.00 0.00 12.7996
4 28.50 0.00 91.50 0.00 33.00 0.00 37.50 0.00 0.440356
4 33.00 0.00 54.00 0.00 51.00 0.00 52.50 0.00 1.87882
4 36.00 0.00 57.00 0.00 48.00 0.00 49.50 0.00 0.236689
4 15.00 0.00 78.00 0.00 46.50 0.00 51.00 0.00 3.28375
4 1.50 0.00 85.50 0.00 49.50 0.00 55.50 0.00 0.0419522
4 4.50 0.00 88.50 0.00 46.50 0.00 52.50 0.00 8.50679
4 7.50 0.00 91.50 0.00 43.50 0.00 49.50 0.00 0.0505608
4 0.00 0.00 91.50 0.00 46.50 0.00 54.00 0.00 0.0459225
4 10.50 0.00 94.50 0.00 40.50 0.00 46.50 0.00 -3.43881
4 27.00 0.00 90.00 0.00 36.00 0.00 40.50 0.00 0.22931
4 40.50 0.00 61.50 0.00 45.00 0.00 46.50 0.00 -6.86777
4 42.00 0.00 63.00 0.00 43.50 0.00 45.00 0.00 1.54008
4 1.50 0.00 87.00 0.00 49.50 0.00 55.50 0.00 0.0399564
4 13.50 0.00 76.50 0.00 49.50 0.00 54.00 0.00 0.0683811
4 34.50 0.00 55.50 0.00 51.00 0.00 52.50 0.00 0.617508
4 7.50 0.00 93.00 0.00 43.50 0.00 49.50 0.00 0.049419
4 18.00 0.00 81.00 0.00 45.00 0.00 49.50 0.00 0.0658309
4 37.50 0.00 58.50 0.00 48.00 0.00 49.50 0.00 0.22492
4 22.50 0.00 85.50 0.00 40.50 0.00 45.00 0.00 0.0932291
4 39.00 0.00 60.00 0.00 46.50 0.00 48.00 0.00 11.2683
4 4.50 0.00 94.50 0.00 43.50 0.00 51.00 0.00 0.0532169
4 4.50 0.00 90.00 0.00 46.50 0.00 52.50 0.00 8.47528
4 9.00 0.00 72.00 0.00 54.00 0.00 58.50 0.00 0.144591
4 36.00 0.00 57.00 0.00 49.50 0.00 51.00 0.00 0.220827
4 4.50 0.00 67.50 0.00 58.50 0.00 63.00 0.00 0.593292
4 33.00 0.00 75.00 0.00 42.00 0.00 45.00 0.00 0.186388
4 22.50 0.00 64.50 0.00 52.50 0.00 55.50 0.00 0.195516
4 25.50 0.00 67.50 0.00 49.50 0.00 52.50 0.00 0.119671
4 1.50 0.00 90.00 0.00 48.00 0.00 55.50 0.00 0.0476342
4 0.00 0.00 94.50 0.00 46.50 0.00 54.00 0.00 0.0432115
4 21.00 0.00 63.00 0.00 54.00 0.00 57.00 0.00 0.332995
4 36.00 0.00 78.00 0.00 39.00 0.00 42.00 0.00 0.778985
4 28.50 0.00 70.50 0.00 46.50 0.00 49.50 0.00 1.40754
4 24.00 0.00 66.00 0.00 51.00 0.00 54.00 0.00 0.145292
4 30.00 0.00 72.00 0.00 45.00 0.00 48.00 0.00 0.114677
4 34.50 0.00 76.50 0.00 40.50 0.00 43.50 0.00 0.315762
4 27.00 0.00 69.00 0.00 48.00 0.00 51.00 0.00 0.111162
4 31.50 0.00 73.50 0.00 43.50 0.00 46.50 0.00 0.118289
4 19.50 0.00 61.50 0.00 55.50 0.00 58.50 0.00 0.850325
4 12.00 0.00 75.00 0.00 52.50 0.00 57.00 0.00 0.0891728
4 39.00 0.00 60.00 0.00 48.00 0.00 49.50 0.00 0.226087
4 42.00 0.00 63.00 0.00 45.00 0.00 46.50 0.00 0.589478
4 16.50 0.00 79.50 0.00 48.00 0.00 52.50 0.00 0.0617663
4 36.00 0.00 57.00 0.00 51.00 0.00 52.50 0.00 0.338018
4 25.50 0.00 88.50 0.00 39.00 0.00 43.50 0.00 0.137095
4 21.00 0.00 84.00 0.00 43.50 0.00 48.00 0.00 0.0695323
4 7.50 0.00 70.50 0.00 57.00 0.00 61.50 0.00 0.244072
4 30.00 0.00 93.00 0.00 34.50 0.00 39.00 0.00 0.485326
4 40.50 0.00 61.50 0.00 46.50 0.00 48.00 0.00 7.4702
4 34.50 0.00 55.50 0.00 52.50 0.00 54.00 0.00 1.88341
4 37.50 0.00 58.50 0.00 49.50 0.00 51.00 0.00 0.193794
4 9.00 0.00 93.00 0.00 45.00 0.00 51.00 0.00 0.0502412
4 3.00 0.00 87.00 0.00 51.00 0.00 57.00 0.00 0.0415962
4 1.50 0.00 93.00 0.00 48.00 0.00 55.50 0.00 0.0446788
4 0.00 0.00 84.00 0.00 54.00 0.00 60.00 0.00 0.049158
4 6.00 0.00 90.00 0.00 48.00 0.00 54.00 0.00 0.0440945
4 24.00 0.00 87.00 0.00 42.00 0.00 46.50 0.00 -7.51314
4 10.50 0.00 73.50 0.00 55.50 0.00 60.00 0.00 0.139052
4 0.00 0.00 85.50 0.00 54.00 0.00 60.00 0.00 0.0451655
4 43.50 0.00 64.50 0.00 45.00 0.00 46.50 0.00 2.05314
4 6.00 0.00 91.50 0.00 48.00 0.00 54.00 0.00 0.0428637
4 37.50 0.00 58.50 0.00 51.00 0.00 52.50 0.00 0.255323
4 9.00 0.00 94.50 0.00 45.00 0.00 51.00 0.00 0.0490703
4 39.00 0.00 60.00 0.00 49.50 0.00 51.00 0.00 0.184419
4 3.00 0.00 88.50 0.00 51.00 0.00 57.00 0.00 0.0394368
4 28.50 0.00 91.50 0.00 37.50 0.00 42.00 0.00 0.215163
4 42.00 0.00 63.00 0.00 46.50 0.00 48.00 0.00 0.331325
4 36.00 0.00 57.00 0.00 52.50 0.00 54.00 0.00 0.515263
4 19.50 0.00 82.50 0.00 46.50 0.00 51.00 0.00 3.30604
4 6.00 0.00 69.00 0.00 60.00 0.00 64.50 0.00 0.636064
4 40.50 0.00 61.50 0.00 48.00 0.00 49.50 0.00 0.248132
4 15.00 0.00 78.00 0.00 51.00 0.00 55.50 0.00 0.0630156
4 36.00 0.00 78.00 0.00 42.00 0.00 45.00 0.00 0.30808
4 25.50 0.00 67.50 0.00 52.50 0.00 55.50 0.00 0.136563
4 21.00 0.00 63.00 0.00 57.00 0.00 60.00 0.00 0.827116
4 33.00 0.00 75.00 0.00 45.00 0.00 48.00 0.00 0.138105
4 34.50 0.00 76.50 0.00 43.50 0.00 46.50 0.00 0.185592
4 31.50 0.00 73.50 0.00 46.50 0.00 49.50 0.00 0.124881
4 28.50 0.00 70.50 0.00 49.50 0.00 52.50 0.00 0.101884
4 24.00 0.00 66.00 0.00 54.00 0.00 57.00 0.00 0.201141
4 30.00 0.00 72.00 0.00 48.00 0.00 51.00 0.00 0.104461
4 27.00 0.00 69.00 0.00 51.00 0.00 54.00 0.00 0.116847
4 3.00 0.00 91.50 0.00 49.50 0.00 57.00 0.00 0.0461222
4 37.50 0.00 79.50 0.00 40.50 0.00 43.50 0.00 0.957752
4 22.50 0.00 64.50 0.00 55.50 0.00 58.50 0.00 0.338091
4 36.00 0.00 57.00 0.00 54.00 0.00 55.50 0.00 2.10966
4 22.50 0.00 85.50 0.00 45.00 0.00 49.50 0.00 0.0743369
4 13.50 0.00 76.50 0.00 54.00 0.00 58.50 0.00 0.0870528
4 40.50 0.00 61.50 0.00 49.50 0.00 51.00 0.00 0.192767
4 43.50 0.00 64.50 0.00 46.50 0.00 48.00 0.00 0.561999
4 18.00 0.00 81.00 0.00 49.50 0.00 54.00 0.00 0.0552179
4 37.50 0.00 58.50 0.00 52.50 0.00 54.00 0.00 0.290735
4 39.00 0.00 60.00 0.00 51.00 0.00 52.50 0.00 0.220662
4 9.00 0.00 72.00 0.00 58.50 0.00 63.00 0.00 0.255962
4 31.50 0.00 94.50 0.00 36.00 0.00 40.50 0.00 0.517713
4 42.00 0.00 63.00 0.00 48.00 0.00 49.50 0.00 0.28947
4 27.00 0.00 90.00 0.00 40.50 0.00 45.00 0.00 0.133898
4 3.00 0.00 94.50 0.00 49.50 0.00 57.00 0.00 0.0430861
4 0.00 0.00 88.50 0.00 54.00 0.00 61.50 0.00 0.0494223
4 1.50 0.00 85.50 0.00 55.50 0.00 61.50 0.00 0.0480079
4 7.50 0.00 91.50 0.00 49.50 0.00 55.50 0.00 0.0411178
4 10.50 0.00 94.50 0.00 46.50 0.00 52.50 0.00 3.54781
4 4.50 0.00 88.50 0.00 52.50 0.00 58.50 0.00 0.0410062
4 39.00 0.00 60.00 0.00 52.50 0.00 54.00 0.00 0.216817
4 7.50 0.00 70.50 0.00 61.50 0.00 66.00 0.00 0.650644
4 25.50 0.00 88.50 0.00 43.50 0.00 48.00 0.00 0.091044
4 45.00 0.00 66.00 0.00 46.50 0.00 48.00 0.00 2.27709
4 42.00 0.00 63.00 0.00 49.50 0.00 51.00 0.00 0.211374
4 4.50 0.00 90.00 0.00 52.50 0.00 58.50 0.00 0.0390069
4 1.50 0.00 87.00 0.00 55.50 0.00 61.50 0.00 0.0443602
4 16.50 0.00 79.50 0.00 52.50 0.00 57.00 0.00 0.0594428
4 7.50 0.00 93.00 0.00 49.50 0.00 55.50 0.00 0.0400101
4 40.50 0.00 61.50 0.00 51.00 0.00 52.50 0.00 0.214079
4 30.00 0.00 93.00 0.00 39.00 0.00 43.50 0.00 0.22814
4 43.50 0.00 64.50 0.00 48.00 0.00 49.50 0.00 0.388813
4 12.00 0.00 75.00 0.00 57.00 0.00 61.50 0.00 0.132426
4 37.50 0.00 58.50 0.00 54.00 0.00 55.50 0.00 0.574695
4 21.00 0.00 84.00 0.00 48.00 0.00 52.50 0.00 0.0609052
4 31.50 0.00 73.50 0.00 49.50 0.00 52.50 0.00 0.0985994
4 28.50 0.00 70.50 0.00 52.50 0.00 55.50 0.00 0.104855
4 33.00 0.00 75.00 0.00 48.00 0.00 51.00 0.00 0.115513
4 36.00 0.00 78.00 0.00 45.00 0.00 48.00 0.00 0.192599
4 37.50 0.00 79.50 0.00 43.50 0.00 46.50 0.00 0.318375
4 22.50 0.00 64.50 0.00 58.50 0.00 61.50 0.00 0.845211
4 30.00 0.00 72.00 0.00 51.00 0.00 54.00 0.00 0.099398
4 27.00 0.00 69.00 0.00 54.00 0.00 57.00 0.00 0.147007
4 34.50 0.00 76.50 0.00 46.50 0.00 49.50 0.00 0.139253
4 25.50 0.00 67.50 0.00 55.50 0.00 58.50 0.00 0.204657
4 39.00 0.00 81.00 0.00 42.00 0.00 45.00 0.00 0.858062
4 0.00 0.00 91.50 0.00 54.00 0.00 61.50 0.00 0.0440507
4 24.00 0.00 66.00 0.00 57.00 0.00 60.00 0.00 0.31238
4 40.50 0.00 61.50 0.00 52.50 0.00 54.00 0.00 0.193241
4 4.50 0.00 94.50 0.00 51.00 0.00 58.50 0.00 0.0441718
4 43.50 0.00 64.50 0.00 49.50 0.00 51.00 0.00 0.256665
4 28.50 0.00 91.50 0.00 42.00 0.00 46.50 0.00 -29.8732
4 37.50 0.00 58.50 0.00 55.50 0.00 57.00 0.00 2.02777
4 39.00 0.00 60.00 0.00 54.00 0.00 55.50 0.00 0.310862
4 24.00 0.00 87.00 0.00 46.50 0.00 51.00 0.00 7.68186
4 45.00 0.00 66.00 0.00 48.00 0.00 49.50 0.00 0.612793
4 42.00 0.00 63.00 0.00 51.00 0.00 52.50 0.00 0.218298
4 15.00 0.00 78.00 0.00 55.50 0.00 60.00 0.00 0.0799221
4 10.50 0.00 73.50 0.00 60.00 0.00 64.50 0.00 0.256715
4 19.50 0.00 82.50 0.00 51.00 0.00 55.50 0.00 0.0520529
4 6.00 0.00 90.00 0.00 54.00 0.00 60.00 0.00 0.0411328
4 3.00 0.00 87.00 0.00 57.00 0.00 63.00 0.00 0.0480473
4 9.00 0.00 93.00 0.00 51.00 0.00 57.00 0.00 0.0407271
4 0.00 0.00 84.00 0.00 60.00 0.00 66.00 0.00 0.0737668
4 1.50 0.00 90.00 0.00 55.50 0.00 63.00 0.00 0.0500221
4 0.00 0.00 94.50 0.00 54.00 0.00 61.50 0.00 0.0401084
4 42.00 0.00 63.00 0.00 52.50 0.00 54.00 0.00 0.184084
4 0.00 0.00 85.50 0.00 60.00 0.00 66.00 0.00 0.0643898
4 13.50 0.00 76.50 0.00 58.50 0.00 63.00 0.00 0.130464
4 6.00 0.00 91.50 0.00 54.00 0.00 60.00 0.00 0.0393644
4 22.50 0.00 85.50 0.00 49.50 0.00 54.00 0.00 0.0564002
4 9.00 0.00 72.00 0.00 63.00 0.00 67.50 0.00 0.667058
4 40.50 0.00 61.50 0.00 54.00 0.00 55.50 0.00 0.236546
4 46.50 0.00 67.50 0.00 48.00 0.00 49.50 0.00 2.05725
4 43.50 0.00 64.50 0.00 51.00 0.00 52.50 0.00 0.245062
4 3.00 0.00 88.50 0.00 57.00 0.00 63.00 0.00 0.0442011
4 18.00 0.00 81.00 0.00 54.00 0.00 58.50 0.00 0.0580529
4 27.00 0.00 90.00 0.00 45.00 0.00 49.50 0.00 0.0968835
4 31.50 0.00 94.50 0.00 40.50 0.00 45.00 0.00 0.219333
4 39.00 0.00 60.00 0.00 55.50 0.00 57.00 0.00 0.593303
4 9.00 0.00 94.50 0.00 51.00 0.00 57.00 0.00 0.0395956
4 45.00 0.00 66.00 0.00 49.50 0.00 51.00 0.00 0.328744
4 1.50 0.00 93.00 0.00 55.50 0.00 63.00 0.00 0.0447792
4 24.00 0.00 66.00 0.00 60.00 0.00 63.00 0.00 0.829538
4 30.00 0.00 72.00 0.00 54.00 0.00 57.00 0.00 0.110843
4 39.00 0.00 81.00 0.00 45.00 0.00 48.00 0.00 0.340263
4 40.50 0.00 82.50 0.00 43.50 0.00 46.50 0.00 0.749134
4 25.50 0.00 67.50 0.00 58.50 0.00 61.50 0.00 0.312259
4 34.50 0.00 76.50 0.00 49.50 0.00 52.50 0.00 0.111979
4 37.50 0.00 79.50 0.00 46.50 0.00 49.50 0.00 0.214876
4 31.50 0.00 73.50 0.00 52.50 0.00 55.50 0.00 0.0907713
4 28.50 0.00 70.50 0.00 55.50 0.00 58.50 0.00 0.141902
4 33.00 0.00 75.00 0.00 51.00 0.00 54.00 0.00 0.0975509
4 27.00 0.00 69.00 0.00 57.00 0.00 60.00 0.00 0.2014
4 36.00 0.00 78.00 0.00 48.00 0.00 51.00 0.00 0.1468
4 21.00 0.00 84.00 0.00 52.50 0.00 57.00 0.00 0.0503463
4 39.00 0.00 60.00 0.00 57.00 0.00 58.50 0.00 1.78564
4 45.00 0.00 66.00 0.00 51.00 0.00 52.50 0.00 0.283439
4 42.00 0.00 63.00 0.00 54.00 0.00 55.50 0.00 0.20154
4 30.00 0.00 93.00 0.00 43.50 0.00 48.00 0.00 0.130947
4 12.00 0.00 75.00 0.00 61.50 0.00 66.00 0.00 0.275133
4 40.50 0.00 61.50 0.00 55.50 0.00 57.00 0.00 0.348215
4 16.50 0.00 79.50 0.00 57.00 0.00 61.50 0.00 0.0732693
4 25.50 0.00 88.50 0.00 48.00 0.00 52.50 0.00 0.0729347
4 46.50 0.00 67.50 0.00 49.50 0.00 51.00 0.00 0.557706
4 43.50 0.00 64.50 0.00 52.50 0.00 54.00 0.00 0.19289
4 3.00 0.00 91.50 0.00 57.00 0.00 64.50 0.00 0.0495949
4 1.50 0.00 85.50 0.00 61.50 0.00 67.50 0.00 0.0741423
4 7.50 0.00 91.50 0.00 55.50 0.00 61.50 0.00 0.0403763
4 4.50 0.00 88.50 0.00 58.50 0.00 64.50 0.00 0.0470802
4 10.50 0.00 94.50 0.00 52.50 0.00 58.50 0.00 0.0394999
4 40.50 0.00 61.50 0.00 57.00 0.00 58.50 0.00 0.584665
4 46.50 0.00 67.50 0.00 51.00 0.00 52.50 0.00 0.383875
4 43.50 0.00 64.50 0.00 54.00 0.00 55.50 0.00 0.194277
4 1.50 0.00 87.00 0.00 61.50 0.00 67.50 0.00 0.0651947
4 4.50 0.00 90.00 0.00 58.50 0.00 64.50 0.00 0.0434887
4 15.00 0.00 78.00 0.00 60.00 0.00 64.50 0.00 0.121655
4 19.50 0.00 82.50 0.00 55.50 0.00 60.00 0.00 0.0549473
4 7.50 0.00 93.00 0.00 55.50 0.00 61.50 0.00 0.0385994
4 24.00 0.00 87.00 0.00 51.00 0.00 55.50 0.00 0.0554761
4 10.50 0.00 73.50 0.00 64.50 0.00 69.00 0.00 0.662146
4 45.00 0.00 66.00 0.00 52.50 0.00 54.00 0.00 0.207996
4 42.00 0.00 63.00 0.00 55.50 0.00 57.00 0.00 0.254446
4 48.00 0.00 69.00 0.00 49.50 0.00 51.00 0.00 1.69947
4 28.50 0.00 91.50 0.00 46.50 0.00 51.00 0.00 30.1018
4 34.50 0.00 76.50 0.00 52.50 0.00 55.50 0.00 0.090342
4 27.00 0.00 69.00 0.00 60.00 0.00 63.00 0.00 0.349166
4 28.50 0.00 70.50 0.00 58.50 0.00 61.50 0.00 0.189384
4 37.50 0.00 79.50 0.00 49.50 0.00 52.50 0.00 0.151855
4 31.50 0.00 73.50 0.00 55.50 0.00 58.50 0.00 0.109793
4 40.50 0.00 82.50 0.00 46.50 0.00 49.50 0.00 0.361048
4 3.00 0.00 94.50 0.00 57.00 0.00 64.50 0.00 0.0440428
4 0.00 0.00 88.50 0.00 61.50 0.00 69.00 0.00 0.0753368
4 33.00 0.00 75.00 0.00 54.00 0.00 57.00 0.00 0.0952356
4 25.50 0.00 67.50 0.00 61.50 0.00 64.50 0.00 0.813421
4 30.00 0.00 72.00 0.00 57.00 0.00 60.00 0.00 0.13667
4 36.00 0.00 78.00 0.00 51.00 0.00 54.00 0.00 0.110341
4 39.00 0.00 81.00 0.00 48.00 0.00 51.00 0.00 0.226981
4 42.00 0.00 84.00 0.00 45.00 0.00 48.00 0.00 0.826569
4 40.50 0.00 61.50 0.00 58.50 0.00 60.00 0.00 2.23437
4 42.00 0.00 63.00 0.00 57.00 0.00 58.50 0.00 0.323484
4 48.00 0.00 69.00 0.00 51.00 0.00 52.50 0.00 0.650117
4 31.50 0.00 94.50 0.00 45.00 0.00 49.50 0.00 0.139027
4 22.50 0.00 85.50 0.00 54.00 0.00 58.50 0.00 0.0511111
4 18.00 0.00 81.00 0.00 58.50 0.00 63.00 0.00 0.0704151
4 46.50 0.00 67.50 0.00 52.50 0.00 54.00 0.00 0.253225
4 43.50 0.00 64.50 0.00 55.50 0.00 57.00 0.00 0.2239
4 27.00 0.00 90.00 0.00 49.50 0.00 54.00 0.00 0.0674187
4 13.50 0.00 76.50 0.00 63.00 0.00 67.50 0.00 0.26592
4 45.00 0.00 66.00 0.00 54.00 0.00 55.50 0.00 0.192755
4 6.00 0.00 90.00 0.00 60.00 0.00 66.00 0.00 0.0495735
4 0.00 0.00 91.50 0.00 61.50 0.00 69.00 0.00 0.0617592
4 0.00 0.00 84.00 0.00 66.00 0.00 72.00 0.00 0.154021
4 3.00 0.00 87.00 0.00 63.00 0.00 69.00 0.00 0.0731015
4 9.00 0.00 93.00 0.00 57.00 0.00 63.00 0.00 0.0403283
4 42.00 0.00 63.00 0.00 58.50 0.00 60.00 0.00 0.5872
4 25.50 0.00 88.50 0.00 52.50 0.00 57.00 0.00 0.0539153
4 49.50 0.00 70.50 0.00 51.00 0.00 52.50 0.00 2.27797
4 6.00 0.00 91.50 0.00 60.00 0.00 66.00 0.00 0.0462052
4 45.00 0.00 66.00 0.00 55.50 0.00 57.00 0.00 0.206426
4 0.00 0.00 85.50 0.00 66.00 0.00 72.00 0.00 0.125571
4 12.00 0.00 75.00 0.00 66.00 0.00 70.50 0.00 0.766098
4 4.50 0.00 94.50 0.00 58.50 0.00 66.00 0.00 0.0482204
4 16.50 0.00 79.50 0.00 61.50 0.00 66.00 0.00 0.123847
4 48.00 0.00 69.00 0.00 52.50 0.00 54.00 0.00 0.341831
4 3.00 0.00 88.50 0.00 63.00 0.00 69.00 0.00 0.0639367
4 9.00 0.00 94.50 0.00 57.00 0.00 63.00 0.00 0.0382585
4 21.00 0.00 84.00 0.00 57.00 0.00 61.50 0.00 0.0513589
4 46.50 0.00 67.50 0.00 54.00 0.00 55.50 0.00 0.214299
4 43.50 0.00 64.50 0.00 57.00 0.00 58.50 0.00 0.247094
4 30.00 0.00 93.00 0.00 48.00 0.00 52.50 0.00 0.0967079
4 37.50 0.00 79.50 0.00 52.50 0.00 55.50 0.00 0.107651
4 40.50 0.00 82.50 0.00 49.50 0.00 52.50 0.00 0.227619
4 1.50 0.00 90.00 0.00 63.00 0.00 70.50 0.00 0.0808561
4 0.00 0.00 94.50 0.00 61.50 0.00 69.00 0.00 0.0519243
4 36.00 0.00 78.00 0.00 54.00 0.00 57.00 0.00 0.0930205
4 28.50 0.00 70.50 0.00 61.50 0.00 64.50 0.00 0.338617
4 43.50 0.00 85.50 0.00 46.50 0.00 49.50 0.00 56.7728
4 39.00 0.00 81.00 0.00 51.00 0.00 54.00 0.00 0.154025
4 42.00 0.00 84.00 0.00 48.00 0.00 51.00 0.00 0.379101
4 30.00 0.00 72.00 0.00 60.00 0.00 63.00 0.00 0.204279
4 34.50 0.00 76.50 0.00 55.50 0.00 58.50 0.00 0.094844
4 27.00 0.00 69.00 0.00 63.00 0.00 66.00 0.00 0.941002
4 31.50 0.00 73.50 0.00 58.50 0.00 61.50 0.00 0.131207
4 33.00 0.00 75.00 0.00 57.00 0.00 60.00 0.00 0.104299
4 42.00 0.00 63.00 0.00 60.00 0.00 61.50 0.00 2.21212
4 43.50 0.00 64.50 0.00 58.50 0.00 60.00 0.00 0.329735
4 19.50 0.00 82.50 0.00 60.00 0.00 64.50 0.00 0.066536
4 46.50 0.00 67.50 0.00 55.50 0.00 57.00 0.00 0.213945
4 24.00 0.00 87.00 0.00 55.50 0.00 60.00 0.00 0.0509403
4 49.50 0.00 70.50 0.00 52.50 0.00 54.00 0.00 0.606004
4 15.00 0.00 78.00 0.00 64.50 0.00 69.00 0.00 0.245475
4 45.00 0.00 66.00 0.00 57.00 0.00 58.50 0.00 0.206704
4 48.00 0.00 69.00 0.00 54.00 0.00 55.50 0.00 0.255511
4 28.50 0.00 91.50 0.00 51.00 0.00 55.50 0.00 0.066394
4 10.50 0.00 94.50 0.00 58.50 0.00 64.50 0.00 0.039595
4 7.50 0.00 91.50 0.00 61.50 0.00 67.50 0.00 0.0508628
4 1.50 0.00 93.00 0.00 63.00 0.00 70.50 0.00 0.0669421
4 1.50 0.00 85.50 0.00 67.50 0.00 73.50 0.00 0.158254
4 4.50 0.00 88.50 0.00 64.50 0.00 70.50 0.00 0.0800489
4 18.00 0.00 81.00 0.00 63.00 0.00 67.50 0.00 0.114939
4 22.50 0.00 85.50 0.00 58.50 0.00 63.00 0.00 0.0516419
4 48.00 0.00 69.00 0.00 55.50 0.00 57.00 0.00 0.235867
4 31.50 0.00 94.50 0.00 49.50 0.00 54.00 0.00 0.0894779
4 51.00 0.00 72.00 0.00 52.50 0.00 54.00 0.00 1.7013
4 4.50 0.00 90.00 0.00 64.50 0.00 70.50 0.00 0.0705042
4 7.50 0.00 93.00 0.00 61.50 0.00 67.50 0.00 0.0472233
4 46.50 0.00 67.50 0.00 57.00 0.00 58.50 0.00 0.198888
4 27.00 0.00 90.00 0.00 54.00 0.00 58.50 0.00 0.0546421
4 45.00 0.00 66.00 0.00 58.50 0.00 60.00 0.00 0.234923
4 1.50 0.00 87.00 0.00 67.50 0.00 73.50 0.00 0.13033
4 13.50 0.00 76.50 0.00 67.50 0.00 72.00 0.00 0.732747
4 49.50 0.00 70.50 0.00 54.00 0.00 55.50 0.00 0.353527
4 43.50 0.00 64.50 0.00 60.00 0.00 61.50 0.00 0.60041
4 33.00 0.00 75.00 0.00 60.00 0.00 63.00 0.00 0.13707
4 34.50 0.00 76.50 0.00 58.50 0.00 61.50 0.00 0.0990113
4 43.50 0.00 85.50 0.00 49.50 0.00 52.50 0.00 0.388718
4 31.50 0.00 73.50 0.00 61.50 0.00 64.50 0.00 0.205849
4 28.50 0.00 70.50 0.00 64.50 0.00 67.50 0.00 0.841199
4 39.00 0.00 81.00 0.00 54.00 0.00 57.00 0.00 0.114216
4 45.00 0.00 87.00 0.00 48.00 0.00 51.00 0.00 0.863258
4 30.00 0.00 72.00 0.00 63.00 0.00 66.00 0.00 0.375073
4 3.00 0.00 91.50 0.00 64.50 0.00 72.00 0.00 0.0834302
4 42.00 0.00 84.00 0.00 51.00 0.00 54.00 0.00 0.232161
4 37.50 0.00 79.50 0.00 55.50 0.00 58.50 0.00 0.097123
4 40.50 0.00 82.50 0.00 52.50 0.00 55.50 0.00 0.147052
4 36.00 0.00 78.00 0.00 57.00 0.00 60.00 0.00 0.088115
4 30.00 0.00 93.00 0.00 52.50 0.00 57.00 0.00 0.0650945
4 43.50 0.00 64.50 0.00 61.50 0.00 63.00 0.00 2.38185
4 49.50 0.00 70.50 0.00 55.50 0.00 57.00 0.00 0.282928
4 21.00 0.00 84.00 0.00 61.50 0.00 66.00 0.00 0.0690568
4 48.00 0.00 69.00 0.00 57.00 0.00 58.50 0.00 0.203418
4 25.50 0.00 88.50 0.00 57.00 0.00 61.50 0.00 0.0482063
4 45.00 0.00 66.00 0.00 60.00 0.00 61.50 0.00 0.309144
4 46.50 0.00 67.50 0.00 58.50 0.00 60.00 0.00 0.207108
4 16.50 0.00 79.50 0.00 66.00 0.00 70.50 0.00 0.257677
4 51.00 0.00 72.00 0.00 54.00 0.00 55.50 0.00 0.571404
4 0.00 0.00 84.00 0.00 72.00 0.00 78.00 0.00 0.455468
4 6.00 0.00 90.00 0.00 66.00 0.00 72.00 0.00 0.0789868
4 3.00 0.00 87.00 0.00 69.00 0.00 75.00 0.00 0.157289
4 9.00 0.00 93.00 0.00 63.00 0.00 69.00 0.00 0.0503194
4 3.00 0.00 94.50 0.00 64.50 0.00 72.00 0.00 0.0683558
4 0.00 0.00 88.50 0.00 69.00 0.00 76.50 0.00 0.179571
4 24.00 0.00 87.00 0.00 60.00 0.00 64.50 0.00 0.051483
4 51.00 0.00 72.00 0.00 55.50 0.00 57.00 0.00 0.366849
4 19.50 0.00 82.50 0.00 64.50 0.00 69.00 0.00 0.106866
4 15.00 0.00 78.00 0.00 69.00 0.00 73.50 0.00 0.69582
4 49.50 0.00 70.50 0.00 57.00 0.00 58.50 0.00 0.219754
4 0.00 0.00 85.50 0.00 72.00 0.00 78.00 0.00 0.334837
4 46.50 0.00 67.50 0.00 60.00 0.00 61.50 0.00 0.233686
4 48.00 0.00 69.00 0.00 58.50 0.00 60.00 0.00 0.200892
4 6.00 0.00 91.50 0.00 66.00 0.00 72.00 0.00 0.0709025
4 3.00 0.00 88.50 0.00 69.00 0.00 75.00 0.00 0.128864
4 28.50 0.00 91.50 0.00 55.50 0.00 60.00 0.00 0.0543915
4 9.00 0.00 94.50 0.00 63.00 0.00 69.00 0.00 0.0463245
4 52.50 0.00 73.50 0.00 54.00 0.00 55.50 0.00 1.84008
4 45.00 0.00 66.00 0.00 61.50 0.00 63.00 0.00 0.605951
4 36.00 0.00 78.00 0.00 60.00 0.00 63.00 0.00 0.0975717
4 37.50 0.00 79.50 0.00 58.50 0.00 61.50 0.00 0.0857301
4 30.00 0.00 72.00 0.00 66.00 0.00 69.00 0.00 0.835038
4 45.00 0.00 87.00 0.00 51.00 0.00 54.00 0.00 0.384601
4 42.00 0.00 84.00 0.00 54.00 0.00 57.00 0.00 0.15723
4 34.50 0.00 76.50 0.00 61.50 0.00 64.50 0.00 0.13587
4 40.50 0.00 82.50 0.00 55.50 0.00 58.50 0.00 0.11877
4 39.00 0.00 81.00 0.00 57.00 0.00 60.00 0.00 0.0942347
4 0.00 0.00 91.50 0.00 69.00 0.00 76.50 0.00 0.130658
4 33.00 0.00 75.00 0.00 63.00 0.00 66.00 0.00 0.219653
4 46.50 0.00 88.50 0.00 49.50 0.00 52.50 0.00 0.866374
4 43.50 0.00 85.50 0.00 52.50 0.00 55.50 0.00 0.224982
4 31.50 0.00 73.50 0.00 64.50 0.00 67.50 0.00 0.376031
4 52.50 0.00 73.50 0.00 55.50 0.00 57.00 0.00 0.645864
4 31.50 0.00 94.50 0.00 54.00 0.00 58.50 0.00 0.065369
4 45.00 0.00 66.00 0.00 63.00 0.00 64.50 0.00 1.70096
4 27.00 0.00 90.00 0.00 58.50 0.00 63.00 0.00 0.0483837
4 51.00 0.00 72.00 0.00 57.00 0.00 58.50 0.00 0.25203
4 48.00 0.00 69.00 0.00 60.00 0.00 61.50 0.00 0.205874
4 49.50 0.00 70.50 0.00 58.50 0.00 60.00 0.00 0.202353
4 22.50 0.00 85.50 0.00 63.00 0.00 67.50 0.00 0.0677226
4 4.50 0.00 94.50 0.00 66.00 0.00 73.50 0.00 0.0779748
4 46.50 0.00 67.50 0.00 61.50 0.00 63.00 0.00 0.347293
4 18.00 0.00 81.00 0.00 67.50 0.00 72.00 0.00 0.237213
4 10.50 0.00 94.50 0.00 64.50 0.00 70.50 0.00 0.0563879
4 1.50 0.00 85.50 0.00 73.50 0.00 79.50 0.00 0.446644
4 1.50 0.00 90.00 0.00 70.50 0.00 78.00 0.00 0.184681
4 0.00 0.00 94.50 0.00 69.00 0.00 76.50 0.00 0.101287
4 7.50 0.00 91.50 0.00 67.50 0.00 73.50 0.00 0.0848376
4 4.50 0.00 88.50 0.00 70.50 0.00 76.50 0.00 0.152698
4 25.50 0.00 88.50 0.00 61.50 0.00 66.00 0.00 0.0546249
4 46.50 0.00 67.50 0.00 63.00 0.00 64.50 0.00 0.558102
4 49.50 0.00 70.50 0.00 60.00 0.00 61.50 0.00 0.186849
4 54.00 0.00 75.00 0.00 55.50 0.00 57.00 0.00 2.01576
4 51.00 0.00 72.00 0.00 58.50 0.00 60.00 0.00 0.215824
4 4.50 0.00 90.00 0.00 70.50 0.00 76.50 0.00 0.127003
4 21.00 0.00 84.00 0.00 66.00 0.00 70.50 0.00 0.111943
4 16.50 0.00 79.50 0.00 70.50 0.00 75.00 0.00 0.623277
4 52.50 0.00 73.50 0.00 57.00 0.00 58.50 0.00 0.339503
4 1.50 0.00 87.00 0.00 73.50 0.00 79.50 0.00 0.328363
4 30.00 0.00 93.00 0.00 57.00 0.00 61.50 0.00 0.0521736
4 48.00 0.00 69.00 0.00 61.50 0.00 63.00 0.00 0.272495
4 7.50 0.00 93.00 0.00 67.50 0.00 73.50 0.00 0.0759175
4 39.00 0.00 81.00 0.00 60.00 0.00 63.00 0.00 0.0865887
4 40.50 0.00 82.50 0.00 58.50 0.00 61.50 0.00 0.0915162
4 34.50 0.00 76.50 0.00 64.50 0.00 67.50 0.00 0.215999
4 37.50 0.00 79.50 0.00 61.50 0.00 64.50 0.00 0.0981646
4 46.50 0.00 88.50 0.00 52.50 0.00 55.50 0.00 0.36675
4 43.50 0.00 85.50 0.00 55.50 0.00 58.50 0.00 0.167369
4 31.50 0.00 73.50 0.00 67.50 0.00 70.50 0.00 1.026
4 48.00 0.00 90.00 0.00 51.00 0.00 54.00 0.00 0.91879
4 42.00 0.00 84.00 0.00 57.00 0.00 60.00 0.00 0.11778
4 33.00 0.00 75.00 0.00 66.00 0.00 69.00 0.00 0.362314
4 36.00 0.00 78.00 0.00 63.00 0.00 66.00 0.00 0.134581
4 1.50 0.00 93.00 0.00 70.50 0.00 78.00 0.00 0.138454
4 45.00 0.00 87.00 0.00 54.00 0.00 57.00 0.00 0.233266
4 24.00 0.00 87.00 0.00 64.50 0.00 69.00 0.00 0.0675078
4 48.00 0.00 69.00 0.00 63.00 0.00 64.50 0.00 0.349335
4 19.50 0.00 82.50 0.00 69.00 0.00 73.50 0.00 0.226822
4 28.50 0.00 91.50 0.00 60.00 0.00 64.50 0.00 0.0481672
4 51.00 0.00 72.00 0.00 60.00 0.00 61.50 0.00 0.184603
4 52.50 0.00 73.50 0.00 58.50 0.00 60.00 0.00 0.254005
4 46.50 0.00 67.50 0.00 64.50 0.00 66.00 0.00 1.83924
4 49.50 0.00 70.50 0.00 61.50 0.00 63.00 0.00 0.225967
4 54.00 0.00 75.00 0.00 57.00 0.00 58.50 0.00 0.566612
4 3.00 0.00 87.00 0.00 75.00 0.00 81.00 0.00 0.440679
4 6.00 0.00 90.00 0.00 72.00 0.00 78.00 0.00 0.163516
4 9.00 0.00 93.00 0.00 69.00 0.00 75.00 0.00 0.0880856
4 3.00 0.00 91.50 0.00 72.00 0.00 79.50 0.00 0.191222
4 54.00 0.00 75.00 0.00 58.50 0.00 60.00 0.00 0.329997
4 9.00 0.00 94.50 0.00 69.00 0.00 75.00 0.00 0.0776489
4 27.00 0.00 90.00 0.00 63.00 0.00 67.50 0.00 0.0535159
4 31.50 0.00 94.50 0.00 58.50 0.00 63.00 0.00 0.0522799
4 49.50 0.00 70.50 0.00 63.00 0.00 64.50 0.00 0.250868
4 52.50 0.00 73.50 0.00 60.00 0.00 61.50 0.00 0.196237
4 48.00 0.00 69.00 0.00 64.50 0.00 66.00 0.00 0.687136
4 3.00 0.00 88.50 0.00 75.00 0.00 81.00 0.00 0.318439
4 6.00 0.00 91.50 0.00 72.00 0.00 78.00 0.00 0.139945
4 18.00 0.00 81.00 0.00 72.00 0.00 76.50 0.00 0.604102
4 51.00 0.00 72.00 0.00 61.50 0.00 63.00 0.00 0.210437
4 55.50 0.00 76.50 0.00 57.00 0.00 58.50 0.00 2.11054
4 22.50 0.00 85.50 0.00 67.50 0.00 72.00 0.00 0.110913
4 3.00 0.00 94.50 0.00 72.00 0.00 79.50 0.00 0.14085
4 46.50 0.00 88.50 0.00 55.50 0.00 58.50 0.00 0.24344
4 40.50 0.00 82.50 0.00 61.50 0.00 64.50 0.00 0.0880063
4 48.00 0.00 90.00 0.00 54.00 0.00 57.00 0.00 0.381797
4 45.00 0.00 87.00 0.00 57.00 0.00 60.00 0.00 0.162595
4 0.00 0.00 88.50 0.00 76.50 0.00 84.00 0.00 0.640324
4 33.00 0.00 75.00 0.00 69.00 0.00 72.00 0.00 1.02905
4 36.00 0.00 78.00 0.00 66.00 0.00 69.00 0.00 0.190173
4 39.00 0.00 81.00 0.00 63.00 0.00 66.00 0.00 0.0995341
4 42.00 0.00 84.00 0.00 60.00 0.00 63.00 0.00 0.0943281
4 49.50 0.00 91.50 0.00 52.50 0.00 55.50 0.00 0.895907
4 43.50 0.00 85.50 0.00 58.50 0.00 61.50 0.00 0.11779
4 34.50 0.00 76.50 0.00 67.50 0.00 70.50 0.00 0.420967
4 37.50 0.00 79.50 0.00 64.50 0.00 67.50 0.00 0.131391
4 48.00 0.00 69.00 0.00 66.00 0.00 67.50 0.00 1.88124
4 51.00 0.00 72.00 0.00 63.00 0.00 64.50 0.00 0.215781
4 21.00 0.00 84.00 0.00 70.50 0.00 75.00 0.00 0.202533
4 30.00 0.00 93.00 0.00 61.50 0.00 66.00 0.00 0.0518473
4 25.50 0.00 88.50 0.00 66.00 0.00 70.50 0.00 0.0719535
4 49.50 0.00 70.50 0.00 64.50 0.00 66.00 0.00 0.383694
4 54.00 0.00 75.00 0.00 60.00 0.00 61.50 0.00 0.222205
4 55.50 0.00 76.50 0.00 58.50 0.00 60.00 0.00 0.594601
4 52.50 0.00 73.50 0.00 61.50 0.00 63.00 0.00 0.209057
4 10.50 0.00 94.50 0.00 70.50 0.00 76.50 0.00 0.0856789
4 4.50 0.00 88.50 0.00 76.50 0.00 82.50 0.00 0.426541
4 7.50 0.00 91.50 0.00 73.50 0.00 79.50 0.00 0.165494
4 0.00 0.00 91.50 0.00 76.50 0.00 84.00 0.00 0.348598
4 49.50 0.00 70.50 0.00 66.00 0.00 67.50 0.00 0.553234
4 52.50 0.00 73.50 0.00 63.00 0.00 64.50 0.00 0.197837
4 7.50 0.00 93.00 0.00 73.50 0.00 79.50 0.00 0.142117
4 24.00 0.00 87.00 0.00 69.00 0.00 73.50 0.00 0.11646
4 54.00 0.00 75.00 0.00 61.50 0.00 63.00 0.00 0.218965
4 28.50 0.00 91.50 0.00 64.50 0.00 69.00 0.00 0.0537709
4 4.50 0.00 94.50 0.00 73.50 0.00 81.00 0.00 0.164707
4 4.50 0.00 90.00 0.00 76.50 0.00 82.50 0.00 0.313318
4 51.00 0.00 72.00 0.00 64.50 0.00 66.00 0.00 0.296139
4 55.50 0.00 76.50 0.00 60.00 0.00 61.50 0.00 0.297767
4 57.00 0.00 78.00 0.00 58.50 0.00 60.00 0.00 2.03057
4 19.50 0.00 82.50 0.00 73.50 0.00 78.00 0.00 0.594432
4 1.50 0.00 90.00 0.00 78.00 0.00 85.50 0.00 0.596569
4 0.00 0.00 94.50 0.00 76.50 0.00 84.00 0.00 0.228034
4 36.00 0.00 78.00 0.00 69.00 0.00 72.00 0.00 0.382445
4 43.50 0.00 85.50 0.00 61.50 0.00 64.50 0.00 0.100634
4 51.00 0.00 93.00 0.00 54.00 0.00 57.00 0.00 0.870206
4 39.00 0.00 81.00 0.00 66.00 0.00 69.00 0.00 0.116624
4 45.00 0.00 87.00 0.00 60.00 0.00 63.00 0.00 0.119366
4 42.00 0.00 84.00 0.00 63.00 0.00 66.00 0.00 0.0919747
4 49.50 0.00 91.50 0.00 55.50 0.00 58.50 0.00 0.398654
4 46.50 0.00 88.50 0.00 58.50 0.00 61.50 0.00 0.159788
4 34.50 0.00 76.50 0.00 70.50 0.00 73.50 0.00 1.00091
4 48.00 0.00 90.00 0.00 57.00 0.00 60.00 0.00 0.23683
4 37.50 0.00 79.50 0.00 67.50 0.00 70.50 0.00 0.214469
4 40.50 0.00 82.50 0.00 64.50 0.00 67.50 0.00 0.0964732
4 55.50 0.00 76.50 0.00 61.50 0.00 63.00 0.00 0.253473
4 27.00 0.00 90.00 0.00 67.50 0.00 72.00 0.00 0.0723131
4 49.50 0.00 70.50 0.00 67.50 0.00 69.00 0.00 1.45113
4 54.00 0.00 75.00 0.00 63.00 0.00 64.50 0.00 0.192478
4 52.50 0.00 73.50 0.00 64.50 0.00 66.00 0.00 0.249465
4 22.50 0.00 85.50 0.00 72.00 0.00 76.50 0.00 0.207152
4 57.00 0.00 78.00 0.00 60.00 0.00 61.50 0.00 0.543723
4 31.50 0.00 94.50 0.00 63.00 0.00 67.50 0.00 0.0504965
4 51.00 0.00 72.00 0.00 66.00 0.00 67.50 0.00 0.348229
4 1.50 0.00 93.00 0.00 78.00 0.00 85.50 0.00 0.3422
4 6.00 0.00 90.00 0.00 78.00 0.00 84.00 0.00 0.386955
4 9.00 0.00 93.00 0.00 75.00 0.00 81.00 0.00 0.170405
4 57.00 0.00 78.00 0.00 61.50 0.00 63.00 0.00 0.34695
4 25.50 0.00 88.50 0.00 70.50 0.00 75.00 0.00 0.107381
4 51.00 0.00 72.00 0.00 67.50 0.00 69.00 0.00 0.566663
4 55.50 0.00 76.50 0.00 63.00 0.00 64.50 0.00 0.201439
4 30.00 0.00 93.00 0.00 66.00 0.00 70.50 0.00 0.0578001
4 58.50 0.00 79.50 0.00 60.00 0.00 61.50 0.00 1.751
4 52.50 0.00 73.50 0.00 66.00 0.00 67.50 0.00 0.261613
4 6.00 0.00 91.50 0.00 78.00 0.00 84.00 0.00 0.300546
4 54.00 0.00 75.00 0.00 64.50 0.00 66.00 0.00 0.226288
4 9.00 0.00 94.50 0.00 75.00 0.00 81.00 0.00 0.144609
4 21.00 0.00 84.00 0.00 75.00 0.00 79.50 0.00 0.568689
4 39.00 0.00 81.00 0.00 69.00 0.00 72.00 0.00 0.19985
4 45.00 0.00 87.00 0.00 63.00 0.00 66.00 0.00 0.104434
4 42.00 0.00 84.00 0.00 66.00 0.00 69.00 0.00 0.08752
4 3.00 0.00 91.50 0.00 79.50 0.00 87.00 0.00 0.609277
4 52.50 0.00 94.50 0.00 55.50 0.00 58.50 0.00 0.917851
4 37.50 0.00 79.50 0.00 70.50 0.00 73.50 0.00 0.350396
4 51.00 0.00 93.00 0.00 57.00 0.00 60.00 0.00 0.36838
4 40.50 0.00 82.50 0.00 67.50 0.00 70.50 0.00 0.128603
4 36.00 0.00 78.00 0.00 72.00 0.00 75.00 0.00 0.887886
4 48.00 0.00 90.00 0.00 60.00 0.00 63.00 0.00 0.161169
4 49.50 0.00 91.50 0.00 58.50 0.00 61.50 0.00 0.232206
4 46.50 0.00 88.50 0.00 61.50 0.00 64.50 0.00 0.126318
4 43.50 0.00 85.50 0.00 64.50 0.00 67.50 0.00 0.0939229
4 58.50 0.00 79.50 0.00 61.50 0.00 63.00 0.00 0.609217
4 52.50 0.00 73.50 0.00 67.50 0.00 69.00 0.00 0.342565
4 54.00 0.00 75.00 0.00 66.00 0.00 67.50 0.00 0.217362
4 57.00 0.00 78.00 0.00 63.00 0.00 64.50 0.00 0.23414
4 28.50 0.00 91.50 0.00 69.00 0.00 73.50 0.00 0.0787173
4 51.00 0.00 72.00 0.00 69.00 0.00 70.50 0.00 2.30915
4 55.50 0.00 76.50 0.00 64.50 0.00 66.00 0.00 0.218854
4 24.00 0.00 87.00 0.00 73.50 0.00 78.00 0.00 0.218322
4 10.50 0.00 94.50 0.00 76.50 0.00 82.50 0.00 0.172091
4 3.00 0.00 94.50 0.00 79.50 0.00 87.00 0.00 0.341088
4 7.50 0.00 91.50 0.00 79.50 0.00 85.50 0.00 0.390665
4 7.50 0.00 93.00 0.00 79.50 0.00 85.50 0.00 0.299672
4 55.50 0.00 76.50 0.00 66.00 0.00 67.50 0.00 0.191446
4 22.50 0.00 85.50 0.00 76.50 0.00 81.00 0.00 0.552293
4 58.50 0.00 79.50 0.00 63.00 0.00 64.50 0.00 0.313132
4 52.50 0.00 73.50 0.00 69.00 0.00 70.50 0.00 0.773471
4 54.00 0.00 75.00 0.00 67.50 0.00 69.00 0.00 0.25751
4 27.00 0.00 90.00 0.00 72.00 0.00 76.50 0.00 0.111232
4 60.00 0.00 81.00 0.00 61.50 0.00 63.00 0.00 2.25328
4 57.00 0.00 78.00 0.00 64.50 0.00 66.00 0.00 0.22955
4 31.50 0.00 94.50 0.00 67.50 0.00 72.00 0.00 0.0586969
4 45.00 0.00 87.00 0.00 66.00 0.00 69.00 0.00 0.0849814
4 42.00 0.00 84.00 0.00 69.00 0.00 72.00 0.00 0.126149
4 49.50 0.00 91.50 0.00 61.50 0.00 64.50 0.00 0.171003
4 40.50 0.00 82.50 0.00 70.50 0.00 73.50 0.00 0.176637
4 39.00 0.00 81.00 0.00 72.00 0.00 75.00 0.00 0.321916
4 48.00 0.00 90.00 0.00 63.00 0.00 66.00 0.00 0.131337
4 46.50 0.00 88.50 0.00 64.50 0.00 67.50 0.00 0.105691
4 43.50 0.00 85.50 0.00 67.50 0.00 70.50 0.00 0.102632
4 51.00 0.00 93.00 0.00 60.00 0.00 63.00 0.00 0.223945
4 52.50 0.00 94.50 0.00 58.50 0.00 61.50 0.00 0.354076
4 37.50 0.00 79.50 0.00 73.50 0.00 76.50 0.00 0.909104
4 54.00 0.00 75.00 0.00 69.00 0.00 70.50 0.00 0.473647
4 60.00 0.00 81.00 0.00 63.00 0.00 64.50 0.00 0.573669
4 57.00 0.00 78.00 0.00 66.00 0.00 67.50 0.00 0.18036
4 30.00 0.00 93.00 0.00 70.50 0.00 75.00 0.00 0.0761309
4 55.50 0.00 76.50 0.00 67.50 0.00 69.00 0.00 0.207478
4 58.50 0.00 79.50 0.00 64.50 0.00 66.00 0.00 0.267364
4 4.50 0.00 94.50 0.00 81.00 0.00 88.50 0.00 0.483484
4 25.50 0.00 88.50 0.00 75.00 0.00 79.50 0.00 0.214735
4 52.50 0.00 73.50 0.00 70.50 0.00 72.00 0.00 1.77943
4 9.00 0.00 93.00 0.00 81.00 0.00 87.00 0.00 0.395567
4 0.00 0.00 94.50 0.00 84.00 0.00 91.50 0.00 1.24956
4 55.50 0.00 76.50 0.00 69.00 0.00 70.50 0.00 0.338372
4 61.50 0.00 82.50 0.00 63.00 0.00 64.50 0.00 2.18848
4 58.50 0.00 79.50 0.00 66.00 0.00 67.50 0.00 0.188104
4 28.50 0.00 91.50 0.00 73.50 0.00 78.00 0.00 0.119872
4 54.00 0.00 75.00 0.00 70.50 0.00 72.00 0.00 0.646841
4 9.00 0.00 94.50 0.00 81.00 0.00 87.00 0.00 0.297823
4 60.00 0.00 81.00 0.00 64.50 0.00 66.00 0.00 0.361356
4 57.00 0.00 78.00 0.00 67.50 0.00 69.00 0.00 0.177383
4 24.00 0.00 87.00 0.00 78.00 0.00 82.50 0.00 0.542995
4 52.50 0.00 94.50 0.00 61.50 0.00 64.50 0.00 0.234764
4 46.50 0.00 88.50 0.00 67.50 0.00 70.50 0.00 0.0985751
4 43.50 0.00 85.50 0.00 70.50 0.00 73.50 0.00 0.119737
4 48.00 0.00 90.00 0.00 66.00 0.00 69.00 0.00 0.0947406
4 42.00 0.00 84.00 0.00 72.00 0.00 75.00 0.00 0.169098
4 51.00 0.00 93.00 0.00 63.00 0.00 66.00 0.00 0.171918
4 39.00 0.00 81.00 0.00 75.00 0.00 78.00 0.00 1.01399
4 45.00 0.00 87.00 0.00 69.00 0.00 72.00 0.00 0.104553
4 40.50 0.00 82.50 0.00 73.50 0.00 76.50 0.00 0.299208
4 49.50 0.00 91.50 0.00 64.50 0.00 67.50 0.00 0.131732
4 55.50 0.00 76.50 0.00 70.50 0.00 72.00 0.00 0.368116
4 27.00 0.00 90.00 0.00 76.50 0.00 81.00 0.00 0.208553
4 31.50 0.00 94.50 0.00 72.00 0.00 76.50 0.00 0.0785556
4 61.50 0.00 82.50 0.00 64.50 0.00 66.00 0.00 0.651706
4 58.50 0.00 79.50 0.00 67.50 0.00 69.00 0.00 0.168949
4 54.00 0.00 75.00 0.00 72.00 0.00 73.50 0.00 2.36459
4 60.00 0.00 81.00 0.00 66.00 0.00 67.50 0.00 0.217396
4 57.00 0.00 78.00 0.00 69.00 0.00 70.50 0.00 0.263465
4 10.50 0.00 94.50 0.00 82.50 0.00 88.50 0.00 0.429274
4 60.00 0.00 81.00 0.00 67.50 0.00 69.00 0.00 0.174539
4 57.00 0.00 78.00 0.00 70.50 0.00 72.00 0.00 0.249711
4 63.00 0.00 84.00 0.00 64.50 0.00 66.00 0.00 2.43432
4 55.50 0.00 76.50 0.00 72.00 0.00 73.50 0.00 0.712823
4 61.50 0.00 82.50 0.00 66.00 0.00 67.50 0.00 0.293592
4 58.50 0.00 79.50 0.00 69.00 0.00 70.50 0.00 0.232248
4 25.50 0.00 88.50 0.00 79.50 0.00 84.00 0.00 0.486722
4 30.00 0.00 93.00 0.00 75.00 0.00 79.50 0.00 0.123962
4 46.50 0.00 88.50 0.00 70.50 0.00 73.50 0.00 0.098972
4 40.50 0.00 82.50 0.00 76.50 0.00 79.50 0.00 0.84149
4 48.00 0.00 90.00 0.00 69.00 0.00 72.00 0.00 0.101164
4 45.00 0.00 87.00 0.00 72.00 0.00 75.00 0.00 0.119693
4 51.00 0.00 93.00 0.00 66.00 0.00 69.00 0.00 0.113454
4 42.00 0.00 84.00 0.00 75.00 0.00 78.00 0.00 0.324106
4 49.50 0.00 91.50 0.00 67.50 0.00 70.50 0.00 0.110576
4 43.50 0.00 85.50 0.00 73.50 0.00 76.50 0.00 0.16907
4 52.50 0.00 94.50 0.00 64.50 0.00 67.50 0.00 0.169562
4 61.50 0.00 82.50 0.00 67.50 0.00 69.00 0.00 0.200931
4 58.50 0.00 79.50 0.00 70.50 0.00 72.00 0.00 0.199403
4 60.00 0.00 81.00 0.00 69.00 0.00 70.50 0.00 0.22128
4 55.50 0.00 76.50 0.00 73.50 0.00 75.00 0.00 2.34809
4 57.00 0.00 78.00 0.00 72.00 0.00 73.50 0.00 0.375888
4 63.00 0.00 84.00 0.00 66.00 0.00 67.50 0.00 0.557328
4 28.50 0.00 91.50 0.00 78.00 0.00 82.50 0.00 0.207437
4 31.50 0.00 94.50 0.00 76.50 0.00 81.00 0.00 0.123882
4 63.00 0.00 84.00 0.00 67.50 0.00 69.00 0.00 0.279479
4 61.50 0.00 82.50 0.00 69.00 0.00 70.50 0.00 0.232789
4 58.50 0.00 79.50 0.00 72.00 0.00 73.50 0.00 0.265961
4 57.00 0.00 78.00 0.00 73.50 0.00 75.00 0.00 0.596298
4 27.00 0.00 90.00 0.00 81.00 0.00 85.50 0.00 0.455583
4 64.50 0.00 85.50 0.00 66.00 0.00 67.50 0.00 1.71187
4 60.00 0.00 81.00 0.00 70.50 0.00 72.00 0.00 0.172808
4 45.00 0.00 87.00 0.00 75.00 0.00 78.00 0.00 0.187829
4 42.00 0.00 84.00 0.00 78.00 0.00 81.00 0.00 0.735813
4 49.50 0.00 91.50 0.00 70.50 0.00 73.50 0.00 0.0971043
4 46.50 0.00 88.50 0.00 73.50 0.00 76.50 0.00 0.118422
4 48.00 0.00 90.00 0.00 72.00 0.00 75.00 0.00 0.100916
4 52.50 0.00 94.50 0.00 67.50 0.00 70.50 0.00 0.131273
4 43.50 0.00 85.50 0.00 76.50 0.00 79.50 0.00 0.316341
4 51.00 0.00 93.00 0.00 69.00 0.00 72.00 0.00 0.112678
4 64.50 0.00 85.50 0.00 67.50 0.00 69.00 0.00 0.49215
4 30.00 0.00 93.00 0.00 79.50 0.00 84.00 0.00 0.199829
4 60.00 0.00 81.00 0.00 72.00 0.00 73.50 0.00 0.210073
4 63.00 0.00 84.00 0.00 69.00 0.00 70.50 0.00 0.280619
4 57.00 0.00 78.00 0.00 75.00 0.00 76.50 0.00 2.55874
4 58.50 0.00 79.50 0.00 73.50 0.00 75.00 0.00 0.333261
4 61.50 0.00 82.50 0.00 70.50 0.00 72.00 0.00 0.165068
4 66.00 0.00 87.00 0.00 67.50 0.00 69.00 0.00 1.64645
4 61.50 0.00 82.50 0.00 72.00 0.00 73.50 0.00 0.184039
4 60.00 0.00 81.00 0.00 73.50 0.00 75.00 0.00 0.231376
4 64.50 0.00 85.50 0.00 69.00 0.00 70.50 0.00 0.381765
4 58.50 0.00 79.50 0.00 75.00 0.00 76.50 0.00 0.659475
4 28.50 0.00 91.50 0.00 82.50 0.00 87.00 0.00 0.461812
4 63.00 0.00 84.00 0.00 70.50 0.00 72.00 0.00 0.179912
4 45.00 0.00 87.00 0.00 78.00 0.00 81.00 0.00 0.291215
4 52.50 0.00 94.50 0.00 70.50 0.00 73.50 0.00 0.102249
4 51.00 0.00 93.00 0.00 72.00 0.00 75.00 0.00 0.0995887
4 46.50 0.00 88.50 0.00 76.50 0.00 79.50 0.00 0.180153
4 48.00 0.00 90.00 0.00 75.00 0.00 78.00 0.00 0.131515
4 49.50 0.00 91.50 0.00 73.50 0.00 76.50 0.00 0.102102
4 43.50 0.00 85.50 0.00 79.50 0.00 82.50 0.00 0.771729
4 63.00 0.00 84.00 0.00 72.00 0.00 73.50 0.00 0.184749
4 60.00 0.00 81.00 0.00 75.00 0.00 76.50 0.00 0.34561
4 61.50 0.00 82.50 0.00 73.50 0.00 75.00 0.00 0.183723
4 31.50 0.00 94.50 0.00 81.00 0.00 85.50 0.00 0.194543
4 66.00 0.00 87.00 0.00 69.00 0.00 70.50 0.00 0.68951
4 64.50 0.00 85.50 0.00 70.50 0.00 72.00 0.00 0.216287
4 58.50 0.00 79.50 0.00 76.50 0.00 78.00 0.00 4.04489
4 30.00 0.00 93.00 0.00 84.00 0.00 88.50 0.00 0.533266
4 64.50 0.00 85.50 0.00 72.00 0.00 73.50 0.00 0.205294
4 61.50 0.00 82.50 0.00 75.00 0.00 76.50 0.00 0.234813
4 63.00 0.00 84.00 0.00 73.50 0.00 75.00 0.00 0.17039
4 67.50 0.00 88.50 0.00 69.00 0.00 70.50 0.00 2.01882
4 60.00 0.00 81.00 0.00 76.50 0.00 78.00 0.00 0.756029
4 66.00 0.00 87.00 0.00 70.50 0.00 72.00 0.00 0.306905
4 49.50 0.00 91.50 0.00 76.50 0.00 79.50 0.00 0.131693
4 48.00 0.00 90.00 0.00 78.00 0.00 81.00 0.00 0.164658
4 46.50 0.00 88.50 0.00 79.50 0.00 82.50 0.00 0.283852
4 51.00 0.00 93.00 0.00 75.00 0.00 78.00 0.00 0.113524
4 52.50 0.00 94.50 0.00 73.50 0.00 76.50 0.00 0.0996393
4 45.00 0.00 87.00 0.00 81.00 0.00 84.00 0.00 0.72254
4 66.00 0.00 87.00 0.00 72.00 0.00 73.50 0.00 0.257133
4 63.00 0.00 84.00 0.00 75.00 0.00 76.50 0.00 0.195025
4 64.50 0.00 85.50 0.00 73.50 0.00 75.00 0.00 0.174721
4 61.50 0.00 82.50 0.00 76.50 0.00 78.00 0.00 0.362829
4 67.50 0.00 88.50 0.00 70.50 0.00 72.00 0.00 0.510279
4 60.00 0.00 81.00 0.00 78.00 0.00 79.50 0.00 3.28205
4 64.50 0.00 85.50 0.00 75.00 0.00 76.50 0.00 0.183673
4 69.00 0.00 90.00 0.00 70.50 0.00 72.00 0.00 1.3992
4 66.00 0.00 87.00 0.00 73.50 0.00 75.00 0.00 0.200939
4 31.50 0.00 94.50 0.00 85.50 0.00 90.00 0.00 0.61217
4 67.50 0.00 88.50 0.00 72.00 0.00 73.50 0.00 0.347725
4 63.00 0.00 84.00 0.00 76.50 0.00 78.00 0.00 0.259173
4 61.50 0.00 82.50 0.00 78.00 0.00 79.50 0.00 0.561367
4 46.50 0.00 88.50 0.00 82.50 0.00 85.50 0.00 0.660297
4 48.00 0.00 90.00 0.00 81.00 0.00 84.00 0.00 0.25553
4 51.00 0.00 93.00 0.00 78.00 0.00 81.00 0.00 0.122312
4 49.50 0.00 91.50 0.00 79.50 0.00 82.50 0.00 0.169728
4 52.50 0.00 94.50 0.00 76.50 0.00 79.50 0.00 0.111808
4 66.00 0.00 87.00 0.00 75.00 0.00 76.50 0.00 0.19398
4 67.50 0.00 88.50 0.00 73.50 0.00 75.00 0.00 0.245282
4 61.50 0.00 82.50 0.00 79.50 0.00 81.00 0.00 2.06848
4 64.50 0.00 85.50 0.00 76.50 0.00 78.00 0.00 0.219156
4 69.00 0.00 90.00 0.00 72.00 0.00 73.50 0.00 0.57248
4 63.00 0.00 84.00 0.00 78.00 0.00 79.50 0.00 0.304885
4 67.50 0.00 88.50 0.00 75.00 0.00 76.50 0.00 0.219372
4 63.00 0.00 84.00 0.00 79.50 0.00 81.00 0.00 0.505177
4 66.00 0.00 87.00 0.00 76.50 0.00 78.00 0.00 0.209306
4 70.50 0.00 91.50 0.00 72.00 0.00 73.50 0.00 2.11075
4 69.00 0.00 90.00 0.00 73.50 0.00 75.00 0.00 0.331675
4 64.50 0.00 85.50 0.00 78.00 0.00 79.50 0.00 0.223564
4 51.00 0.00 93.00 0.00 81.00 0.00 84.00 0.00 0.159238
4 49.50 0.00 91.50 0.00 82.50 0.00 85.50 0.00 0.250865
4 52.50 0.00 94.50 0.00 79.50 0.00 82.50 0.00 0.122919
4 48.00 0.00 90.00 0.00 84.00 0.00 87.00 0.00 0.594976
4 64.50 0.00 85.50 0.00 79.50 0.00 81.00 0.00 0.295789
4 69.00 0.00 90.00 0.00 75.00 0.00 76.50 0.00 0.269754
4 70.50 0.00 91.50 0.00 73.50 0.00 75.00 0.00 0.638964
4 67.50 0.00 88.50 0.00 76.50 0.00 78.00 0.00 0.216455
4 63.00 0.00 84.00 0.00 81.00 0.00 82.50 0.00 2.1837
4 66.00 0.00 87.00 0.00 78.00 0.00 79.50 0.00 0.189142
4 66.00 0.00 87.00 0.00 79.50 0.00 81.00 0.00 0.218861
4 70.50 0.00 91.50 0.00 75.00 0.00 76.50 0.00 0.407498
4 72.00 0.00 93.00 0.00 73.50 0.00 75.00 0.00 1.77333
4 64.50 0.00 85.50 0.00 81.00 0.00 82.50 0.00 0.546938
4 67.50 0.00 88.50 0.00 78.00 0.00 79.50 0.00 0.175892
4 69.00 0.00 90.00 0.00 76.50 0.00 78.00 0.00 0.245493
4 49.50 0.00 91.50 0.00 85.50 0.00 88.50 0.00 0.715594
4 52.50 0.00 94.50 0.00 82.50 0.00 85.50 0.00 0.149881
4 51.00 0.00 93.00 0.00 84.00 0.00 87.00 0.00 0.261886
4 69.00 0.00 90.00 0.00 78.00 0.00 79.50 0.00 0.182852
4 67.50 0.00 88.50 0.00 79.50 0.00 81.00 0.00 0.182487
4 72.00 0.00 93.00 0.00 75.00 0.00 76.50 0.00 0.690558
4 66.00 0.00 87.00 0.00 81.00 0.00 82.50 0.00 0.307626
4 70.50 0.00 91.50 0.00 76.50 0.00 78.00 0.00 0.326591
4 64.50 0.00 85.50 0.00 82.50 0.00 84.00 0.00 1.64402
4 70.50 0.00 91.50 0.00 78.00 0.00 79.50 0.00 0.221668
4 73.50 0.00 94.50 0.00 75.00 0.00 76.50 0.00 2.34399
4 67.50 0.00 88.50 0.00 81.00 0.00 82.50 0.00 0.214141
4 69.00 0.00 90.00 0.00 79.50 0.00 81.00 0.00 0.173591
4 72.00 0.00 93.00 0.00 76.50 0.00 78.00 0.00 0.447226
4 66.00 0.00 87.00 0.00 82.50 0.00 84.00 0.00 0.478154
4 51.00 0.00 93.00 0.00 87.00 0.00 90.00 0.00 0.850931
4 52.50 0.00 94.50 0.00 85.50 0.00 88.50 0.00 0.301936
4 72.00 0.00 93.00 0.00 78.00 0.00 79.50 0.00 0.274306
4 66.00 0.00 87.00 0.00 84.00 0.00 85.50 0.00 1.95731
4 70.50 0.00 91.50 0.00 79.50 0.00 81.00 0.00 0.193509
4 73.50 0.00 94.50 0.00 76.50 0.00 78.00 0.00 0.787028
4 67.50 0.00 88.50 0.00 82.50 0.00 84.00 0.00 0.249883
4 69.00 0.00 90.00 0.00 81.00 0.00 82.50 0.00 0.178432
4 73.50 0.00 94.50 0.00 78.00 0.00 79.50 0.00 0.38657
4 67.50 0.00 88.50 0.00 84.00 0.00 85.50 0.00 0.461409
4 69.00 0.00 90.00 0.00 82.50 0.00 84.00 0.00 0.175802
4 72.00 0.00 93.00 0.00 79.50 0.00 81.00 0.00 0.222112
4 70.50 0.00 91.50 0.00 81.00 0.00 82.50 0.00 0.178064
4 52.50 0.00 94.50 0.00 88.50 0.00 91.50 0.00 0.888628
4 70.50 0.00 91.50 0.00 82.50 0.00 84.00 0.00 0.156039
4 73.50 0.00 94.50 0.00 79.50 0.00 81.00 0.00 0.281899
4 67.50 0.00 88.50 0.00 85.50 0.00 87.00 0.00 1.85749
4 69.00 0.00 90.00 0.00 84.00 0.00 85.50 0.00 0.239459
4 72.00 0.00 93.00 0.00 81.00 0.00 82.50 0.00 0.187118
4 72.00 0.00 93.00 0.00 82.50 0.00 84.00 0.00 0.149459
4 70.50 0.00 91.50 0.00 84.00 0.00 85.50 0.00 0.180872
4 73.50 0.00 94.50 0.00 81.00 0.00 82.50 0.00 0.216393
4 69.00 0.00 90.00 0.00 85.50 0.00 87.00 0.00 0.400351
4 73.50 0.00 94.50 0.00 82.50 0.00 84.00 0.00 0.156959
4 69.00 0.00 90.00 0.00 87.00 0.00 88.50 0.00 1.66721
4 72.00 0.00 93.00 0.00 84.00 0.00 85.50 0.00 0.152298
4 70.50 0.00 91.50 0.00 85.50 0.00 87.00 0.00 0.248719
4 70.50 0.00 91.50 0.00 87.00 0.00 88.50 0.00 0.513226
4 73.50 0.00 94.50 0.00 84.00 0.00 85.50 0.00 0.140637
4 72.00 0.00 93.00 0.00 85.50 0.00 87.00 0.00 0.185184
4 70.50 0.00 91.50 0.00 88.50 0.00 90.00 0.00 2.31443
4 72.00 0.00 93.00 0.00 87.00 0.00 88.50 0.00 0.308321
4 73.50 0.00 94.50 0.00 85.50 0.00 87.00 0.00 0.153695
4 73.50 0.00 94.50 0.00 87.00 0.00 88.50 0.00 0.223197
4 72.00 0.00 93.00 0.00 88.50 0.00 90.00 0.00 0.588131
4 72.00 0.00 93.00 0.00 90.00 0.00 91.50 0.00 2.05466
4 73.50 0.00 94.50 0.00 88.50 0.00 90.00 0.00 0.345634
4 73.50 0.00 94.50 0.00 90.00 0.00 91.50 0.00 0.584841
4 73.50 0.00 94.50 0.00 91.50 0.00 93.00 0.00 2.15656
0
0
0
0
0
0
0
0
