Project24 Gradient_XL_1
0.50
11
15
Type of measurement (0=app.resistivity,1=resistance)
1
1565
2
0
4 0.00 0.00 7.00 0.00 0.50 0.00 1.00 0.00 23.0974
4 0.00 0.00 7.00 0.00 1.00 0.00 1.50 0.00 6.58053
4 0.50 0.00 7.50 0.00 1.00 0.00 1.50 0.00 28.401
4 0.00 0.00 7.00 0.00 1.50 0.00 2.00 0.00 4.63037
4 0.00 0.00 7.00 0.00 2.00 0.00 2.50 0.00 2.44185
4 0.50 0.00 7.50 0.00 1.50 0.00 2.00 0.00 11.9644
4 1.00 0.00 8.00 0.00 1.50 0.00 2.00 0.00 38.8056
4 0.00 0.00 7.00 0.00 2.50 0.00 3.00 0.00 1.05574
4 0.50 0.00 7.50 0.00 2.00 0.00 2.50 0.00 4.73532
4 0.50 0.00 7.50 0.00 2.50 0.00 3.00 0.00 1.72657
4 1.00 0.00 8.00 0.00 2.00 0.00 2.50 0.00 10.1526
4 0.00 0.00 7.00 0.00 3.00 0.00 3.50 0.00 1.02235
4 0.00 0.00 7.00 0.00 3.50 0.00 4.00 0.00 0.840724
4 0.50 0.00 7.50 0.00 3.00 0.00 3.50 0.00 1.15987
4 1.00 0.00 8.00 0.00 2.50 0.00 3.00 0.00 3.05184
4 1.50 0.00 8.50 0.00 2.00 0.00 2.50 0.00 24.369
4 0.50 0.00 7.50 0.00 3.50 0.00 4.00 0.00 0.873642
4 1.00 0.00 8.00 0.00 3.00 0.00 3.50 0.00 1.50941
4 1.50 0.00 8.50 0.00 2.50 0.00 3.00 0.00 5.86339
4 0.00 0.00 7.00 0.00 4.00 0.00 4.50 0.00 1.11561
4 0.50 0.00 7.50 0.00 4.00 0.00 4.50 0.00 0.996649
4 0.00 0.00 7.00 0.00 4.50 0.00 5.00 0.00 1.73934
4 1.00 0.00 8.00 0.00 3.50 0.00 4.00 0.00 1.05037
4 1.50 0.00 8.50 0.00 3.00 0.00 3.50 0.00 2.28506
4 2.00 0.00 9.00 0.00 2.50 0.00 3.00 0.00 22.1789
4 0.00 0.00 14.00 0.00 1.00 0.00 2.00 0.00 10.9841
4 1.50 0.00 8.50 0.00 3.50 0.00 4.00 0.00 1.36117
4 0.00 0.00 7.00 0.00 5.00 0.00 5.50 0.00 3.02394
4 2.00 0.00 9.00 0.00 3.00 0.00 3.50 0.00 6.30629
4 0.50 0.00 7.50 0.00 4.50 0.00 5.00 0.00 1.27546
4 1.00 0.00 8.00 0.00 4.00 0.00 4.50 0.00 1.06985
4 2.50 0.00 9.50 0.00 3.00 0.00 3.50 0.00 37.5712
4 0.50 0.00 7.50 0.00 5.00 0.00 5.50 0.00 1.58355
4 1.00 0.00 8.00 0.00 4.50 0.00 5.00 0.00 1.18486
4 1.50 0.00 8.50 0.00 4.00 0.00 4.50 0.00 1.23878
4 2.00 0.00 9.00 0.00 3.50 0.00 4.00 0.00 2.25385
4 0.00 0.00 7.00 0.00 5.50 0.00 6.00 0.00 5.66368
4 0.50 0.00 14.50 0.00 1.50 0.00 2.50 0.00 16.4369
4 0.00 0.00 14.00 0.00 2.00 0.00 3.00 0.00 3.12693
4 2.00 0.00 9.00 0.00 4.00 0.00 4.50 0.00 1.66648
4 2.50 0.00 9.50 0.00 3.50 0.00 4.00 0.00 6.22006
4 1.00 0.00 8.00 0.00 5.00 0.00 5.50 0.00 1.15182
4 1.50 0.00 8.50 0.00 4.50 0.00 5.00 0.00 1.22291
4 0.50 0.00 7.50 0.00 5.50 0.00 6.00 0.00 2.07066
4 0.00 0.00 7.00 0.00 6.00 0.00 6.50 0.00 16.206
4 3.00 0.00 10.00 0.00 3.50 0.00 4.00 0.00 12.6875
4 2.00 0.00 9.00 0.00 4.50 0.00 5.00 0.00 1.46782
4 1.50 0.00 8.50 0.00 5.00 0.00 5.50 0.00 0.981805
4 1.00 0.00 8.00 0.00 5.50 0.00 6.00 0.00 1.15901
4 2.50 0.00 9.50 0.00 4.00 0.00 4.50 0.00 3.06106
4 0.50 0.00 7.50 0.00 6.00 0.00 6.50 0.00 3.79175
4 1.00 0.00 15.00 0.00 2.00 0.00 3.00 0.00 12.9989
4 0.00 0.00 14.00 0.00 3.00 0.00 4.00 0.00 0.95691
4 0.50 0.00 14.50 0.00 2.50 0.00 3.50 0.00 2.46167
4 2.00 0.00 9.00 0.00 5.00 0.00 5.50 0.00 1.03772
4 2.50 0.00 9.50 0.00 4.50 0.00 5.00 0.00 2.22658
4 3.00 0.00 10.00 0.00 4.00 0.00 4.50 0.00 4.86116
4 0.50 0.00 7.50 0.00 6.50 0.00 7.00 0.00 16.1403
4 1.50 0.00 8.50 0.00 5.50 0.00 6.00 0.00 0.806082
4 1.00 0.00 8.00 0.00 6.00 0.00 6.50 0.00 1.53411
4 2.50 0.00 9.50 0.00 5.00 0.00 5.50 0.00 1.37604
4 3.00 0.00 10.00 0.00 4.50 0.00 5.00 0.00 3.02924
4 1.00 0.00 8.00 0.00 6.50 0.00 7.00 0.00 3.99882
4 2.00 0.00 9.00 0.00 5.50 0.00 6.00 0.00 0.740383
4 1.50 0.00 8.50 0.00 6.00 0.00 6.50 0.00 0.810723
4 3.50 0.00 10.50 0.00 4.00 0.00 4.50 0.00 27.3295
4 1.50 0.00 15.50 0.00 2.50 0.00 3.50 0.00 7.92178
4 0.00 0.00 14.00 0.00 4.00 0.00 5.00 0.00 0.791427
4 0.50 0.00 14.50 0.00 3.50 0.00 4.50 0.00 1.15695
4 1.00 0.00 15.00 0.00 3.00 0.00 4.00 0.00 2.13812
4 3.50 0.00 10.50 0.00 4.50 0.00 5.00 0.00 9.67292
4 1.50 0.00 8.50 0.00 6.50 0.00 7.00 0.00 1.26482
4 2.50 0.00 9.50 0.00 5.50 0.00 6.00 0.00 0.857687
4 3.00 0.00 10.00 0.00 5.00 0.00 5.50 0.00 1.70902
4 1.00 0.00 8.00 0.00 7.00 0.00 7.50 0.00 21.9464
4 2.00 0.00 9.00 0.00 6.00 0.00 6.50 0.00 0.634361
4 2.00 0.00 9.00 0.00 6.50 0.00 7.00 0.00 0.761924
4 4.00 0.00 11.00 0.00 4.50 0.00 5.00 0.00 31.2152
4 3.50 0.00 10.50 0.00 5.00 0.00 5.50 0.00 3.786
4 1.50 0.00 8.50 0.00 7.00 0.00 7.50 0.00 3.43944
4 2.50 0.00 9.50 0.00 6.00 0.00 6.50 0.00 0.649204
4 3.00 0.00 10.00 0.00 5.50 0.00 6.00 0.00 0.955919
4 2.00 0.00 16.00 0.00 3.00 0.00 4.00 0.00 8.33237
4 0.00 0.00 14.00 0.00 5.00 0.00 6.00 0.00 0.490172
4 1.00 0.00 15.00 0.00 4.00 0.00 5.00 0.00 1.49576
4 0.50 0.00 14.50 0.00 4.50 0.00 5.50 0.00 0.911341
4 1.50 0.00 15.50 0.00 3.50 0.00 4.50 0.00 2.27524
4 0.00 0.00 21.00 0.00 1.50 0.00 3.00 0.00 7.57083
4 1.50 0.00 8.50 0.00 7.50 0.00 8.00 0.00 11.4071
4 2.50 0.00 9.50 0.00 6.50 0.00 7.00 0.00 0.672914
4 3.00 0.00 10.00 0.00 6.00 0.00 6.50 0.00 0.673813
4 4.00 0.00 11.00 0.00 5.00 0.00 5.50 0.00 8.20469
4 2.00 0.00 9.00 0.00 7.00 0.00 7.50 0.00 1.29934
4 3.50 0.00 10.50 0.00 5.50 0.00 6.00 0.00 1.68789
4 3.50 0.00 10.50 0.00 6.00 0.00 6.50 0.00 0.984769
4 4.50 0.00 11.50 0.00 5.00 0.00 5.50 0.00 30.7931
4 3.00 0.00 10.00 0.00 6.50 0.00 7.00 0.00 0.63268
4 2.50 0.00 9.50 0.00 7.00 0.00 7.50 0.00 0.912952
4 4.00 0.00 11.00 0.00 5.50 0.00 6.00 0.00 2.79122
4 2.00 0.00 9.00 0.00 7.50 0.00 8.00 0.00 2.23202
4 0.00 0.00 14.00 0.00 6.00 0.00 7.00 0.00 0.307808
4 2.50 0.00 16.50 0.00 3.50 0.00 4.50 0.00 9.09117
4 2.00 0.00 16.00 0.00 4.00 0.00 5.00 0.00 2.7865
4 1.50 0.00 15.50 0.00 4.50 0.00 5.50 0.00 1.5175
4 0.50 0.00 14.50 0.00 5.50 0.00 6.50 0.00 0.431773
4 1.00 0.00 15.00 0.00 5.00 0.00 6.00 0.00 0.781684
4 4.00 0.00 11.00 0.00 6.00 0.00 6.50 0.00 1.39531
4 0.50 0.00 21.50 0.00 2.00 0.00 3.50 0.00 6.96881
4 2.00 0.00 9.00 0.00 8.00 0.00 8.50 0.00 11.2674
4 3.50 0.00 10.50 0.00 6.50 0.00 7.00 0.00 0.793418
4 4.50 0.00 11.50 0.00 5.50 0.00 6.00 0.00 6.55461
4 2.50 0.00 9.50 0.00 7.50 0.00 8.00 0.00 1.11663
4 3.00 0.00 10.00 0.00 7.00 0.00 7.50 0.00 0.757563
4 4.50 0.00 11.50 0.00 6.00 0.00 6.50 0.00 2.53323
4 5.00 0.00 12.00 0.00 5.50 0.00 6.00 0.00 24.7213
4 0.00 0.00 21.00 0.00 3.00 0.00 4.50 0.00 1.25978
4 3.00 0.00 10.00 0.00 7.50 0.00 8.00 0.00 0.797524
4 2.50 0.00 9.50 0.00 8.00 0.00 8.50 0.00 2.65491
4 4.00 0.00 11.00 0.00 6.50 0.00 7.00 0.00 0.996387
4 3.50 0.00 10.50 0.00 7.00 0.00 7.50 0.00 0.790365
4 3.00 0.00 17.00 0.00 4.00 0.00 5.00 0.00 7.66636
4 0.50 0.00 14.50 0.00 6.50 0.00 7.50 0.00 0.358016
4 1.00 0.00 15.00 0.00 6.00 0.00 7.00 0.00 0.40855
4 2.00 0.00 16.00 0.00 5.00 0.00 6.00 0.00 1.23749
4 2.50 0.00 16.50 0.00 4.50 0.00 5.50 0.00 3.23366
4 0.00 0.00 14.00 0.00 7.00 0.00 8.00 0.00 0.331555
4 1.50 0.00 15.50 0.00 5.50 0.00 6.50 0.00 0.623146
4 1.00 0.00 22.00 0.00 2.50 0.00 4.00 0.00 5.03946
4 3.50 0.00 10.50 0.00 7.50 0.00 8.00 0.00 0.696275
4 5.00 0.00 12.00 0.00 6.00 0.00 6.50 0.00 6.71804
4 4.50 0.00 11.50 0.00 6.50 0.00 7.00 0.00 1.47197
4 2.50 0.00 9.50 0.00 8.50 0.00 9.00 0.00 9.64207
4 3.00 0.00 10.00 0.00 8.00 0.00 8.50 0.00 1.45231
4 4.00 0.00 11.00 0.00 7.00 0.00 7.50 0.00 0.877472
4 3.00 0.00 10.00 0.00 8.50 0.00 9.00 0.00 2.94481
4 4.00 0.00 11.00 0.00 7.50 0.00 8.00 0.00 0.68505
4 5.50 0.00 12.50 0.00 6.00 0.00 6.50 0.00 29.123
4 3.50 0.00 10.50 0.00 8.00 0.00 8.50 0.00 0.986225
4 4.50 0.00 11.50 0.00 7.00 0.00 7.50 0.00 1.10716
4 5.00 0.00 12.00 0.00 6.50 0.00 7.00 0.00 2.8097
4 0.50 0.00 21.50 0.00 3.50 0.00 5.00 0.00 1.61036
4 1.00 0.00 15.00 0.00 7.00 0.00 8.00 0.00 0.369779
4 2.00 0.00 16.00 0.00 6.00 0.00 7.00 0.00 0.563295
4 0.00 0.00 14.00 0.00 8.00 0.00 9.00 0.00 0.383342
4 3.00 0.00 17.00 0.00 5.00 0.00 6.00 0.00 2.34562
4 3.50 0.00 17.50 0.00 4.50 0.00 5.50 0.00 13.2277
4 1.50 0.00 15.50 0.00 6.50 0.00 7.50 0.00 0.436886
4 2.50 0.00 16.50 0.00 5.50 0.00 6.50 0.00 1.06079
4 0.50 0.00 14.50 0.00 7.50 0.00 8.50 0.00 0.361491
4 1.50 0.00 22.50 0.00 3.00 0.00 4.50 0.00 4.32336
4 5.00 0.00 12.00 0.00 7.00 0.00 7.50 0.00 1.68412
4 4.50 0.00 11.50 0.00 7.50 0.00 8.00 0.00 0.757431
4 3.00 0.00 10.00 0.00 9.00 0.00 9.50 0.00 10.6182
4 4.00 0.00 11.00 0.00 8.00 0.00 8.50 0.00 0.826884
4 5.50 0.00 12.50 0.00 6.50 0.00 7.00 0.00 7.67577
4 0.00 0.00 21.00 0.00 4.50 0.00 6.00 0.00 0.770363
4 3.50 0.00 10.50 0.00 8.50 0.00 9.00 0.00 1.3809
4 5.50 0.00 12.50 0.00 7.00 0.00 7.50 0.00 3.18062
4 3.50 0.00 10.50 0.00 9.00 0.00 9.50 0.00 2.33608
4 5.00 0.00 12.00 0.00 7.50 0.00 8.00 0.00 0.987137
4 1.00 0.00 22.00 0.00 4.00 0.00 5.50 0.00 1.88049
4 6.00 0.00 13.00 0.00 6.50 0.00 7.00 0.00 25.0372
4 4.50 0.00 11.50 0.00 8.00 0.00 8.50 0.00 0.781769
4 4.00 0.00 11.00 0.00 8.50 0.00 9.00 0.00 0.921315
4 2.00 0.00 16.00 0.00 7.00 0.00 8.00 0.00 0.441523
4 3.00 0.00 17.00 0.00 6.00 0.00 7.00 0.00 0.880803
4 4.00 0.00 18.00 0.00 5.00 0.00 6.00 0.00 10.797
4 1.50 0.00 15.50 0.00 7.50 0.00 8.50 0.00 0.374258
4 2.50 0.00 16.50 0.00 6.50 0.00 7.50 0.00 0.632787
4 0.50 0.00 14.50 0.00 8.50 0.00 9.50 0.00 0.316919
4 3.50 0.00 17.50 0.00 5.50 0.00 6.50 0.00 2.41495
4 0.00 0.00 29.50 0.00 0.50 0.00 3.00 0.00 36.9833
4 1.00 0.00 15.00 0.00 8.00 0.00 9.00 0.00 0.365262
4 0.00 0.00 14.00 0.00 9.00 0.00 10.00 0.00 0.35054
4 6.00 0.00 13.00 0.00 7.00 0.00 7.50 0.00 6.828
4 2.00 0.00 23.00 0.00 3.50 0.00 5.00 0.00 4.87979
4 4.00 0.00 11.00 0.00 9.00 0.00 9.50 0.00 1.12964
4 3.50 0.00 10.50 0.00 9.50 0.00 10.00 0.00 8.17256
4 5.50 0.00 12.50 0.00 7.50 0.00 8.00 0.00 1.4848
4 0.50 0.00 21.50 0.00 5.00 0.00 6.50 0.00 0.699338
4 4.50 0.00 11.50 0.00 8.50 0.00 9.00 0.00 0.713268
4 5.00 0.00 12.00 0.00 8.00 0.00 8.50 0.00 0.875248
4 0.00 0.00 28.00 0.00 2.00 0.00 4.00 0.00 3.94985
4 0.00 0.00 30.50 0.00 0.50 0.00 3.00 0.00 36.8927
4 0.00 0.00 28.50 0.00 2.00 0.00 4.00 0.00 3.95018
4 6.50 0.00 13.50 0.00 7.00 0.00 7.50 0.00 19.3211
4 5.00 0.00 12.00 0.00 8.50 0.00 9.00 0.00 0.669209
4 0.00 0.00 21.00 0.00 6.00 0.00 7.50 0.00 0.328978
4 4.00 0.00 11.00 0.00 9.50 0.00 10.00 0.00 2.52602
4 4.50 0.00 11.50 0.00 9.00 0.00 9.50 0.00 0.693181
4 6.00 0.00 13.00 0.00 7.50 0.00 8.00 0.00 2.43753
4 5.50 0.00 12.50 0.00 8.00 0.00 8.50 0.00 1.10253
4 1.50 0.00 22.50 0.00 4.50 0.00 6.00 0.00 1.80735
4 1.00 0.00 15.00 0.00 9.00 0.00 10.00 0.00 0.296323
4 4.00 0.00 18.00 0.00 6.00 0.00 7.00 0.00 2.13909
4 2.50 0.00 16.50 0.00 7.50 0.00 8.50 0.00 0.46121
4 3.50 0.00 17.50 0.00 6.50 0.00 7.50 0.00 1.11268
4 4.50 0.00 18.50 0.00 5.50 0.00 6.50 0.00 8.92303
4 2.00 0.00 16.00 0.00 8.00 0.00 9.00 0.00 0.380425
4 0.00 0.00 31.50 0.00 0.50 0.00 3.00 0.00 36.9012
4 0.50 0.00 30.00 0.00 1.00 0.00 3.50 0.00 47.1557
4 3.00 0.00 17.00 0.00 7.00 0.00 8.00 0.00 0.595639
4 0.00 0.00 14.00 0.00 10.00 0.00 11.00 0.00 0.464728
4 1.50 0.00 15.50 0.00 8.50 0.00 9.50 0.00 0.2936
4 0.50 0.00 14.50 0.00 9.50 0.00 10.50 0.00 0.371916
4 5.50 0.00 12.50 0.00 8.50 0.00 9.00 0.00 0.711794
4 4.00 0.00 11.00 0.00 10.00 0.00 10.50 0.00 9.34816
4 4.50 0.00 11.50 0.00 9.50 0.00 10.00 0.00 1.20376
4 6.50 0.00 13.50 0.00 7.50 0.00 8.00 0.00 4.71565
4 2.50 0.00 23.50 0.00 4.00 0.00 5.50 0.00 6.10459
4 5.00 0.00 12.00 0.00 9.00 0.00 9.50 0.00 0.540408
4 6.00 0.00 13.00 0.00 8.00 0.00 8.50 0.00 1.49146
4 1.00 0.00 22.00 0.00 5.50 0.00 7.00 0.00 0.619507
4 0.50 0.00 28.50 0.00 2.50 0.00 4.50 0.00 3.48145
4 0.50 0.00 31.00 0.00 1.00 0.00 3.50 0.00 47.1558
4 0.50 0.00 29.00 0.00 2.50 0.00 4.50 0.00 3.49416
4 6.00 0.00 13.00 0.00 8.50 0.00 9.00 0.00 0.822807
4 4.50 0.00 11.50 0.00 10.00 0.00 10.50 0.00 2.54659
4 7.00 0.00 14.00 0.00 7.50 0.00 8.00 0.00 16.9139
4 2.00 0.00 23.00 0.00 5.00 0.00 6.50 0.00 1.4657
4 5.00 0.00 12.00 0.00 9.50 0.00 10.00 0.00 0.763899
4 5.50 0.00 12.50 0.00 9.00 0.00 9.50 0.00 0.488137
4 0.50 0.00 21.50 0.00 6.50 0.00 8.00 0.00 0.363523
4 6.50 0.00 13.50 0.00 8.00 0.00 8.50 0.00 2.23664
4 2.00 0.00 16.00 0.00 9.00 0.00 10.00 0.00 0.275617
4 3.50 0.00 17.50 0.00 7.50 0.00 8.50 0.00 0.657537
4 4.50 0.00 18.50 0.00 6.50 0.00 7.50 0.00 2.30065
4 5.00 0.00 19.00 0.00 6.00 0.00 7.00 0.00 9.36573
4 0.50 0.00 14.50 0.00 10.50 0.00 11.50 0.00 0.515387
4 1.00 0.00 15.00 0.00 10.00 0.00 11.00 0.00 0.340965
4 3.00 0.00 17.00 0.00 8.00 0.00 9.00 0.00 0.444605
4 1.50 0.00 15.50 0.00 9.50 0.00 10.50 0.00 0.308061
4 4.00 0.00 18.00 0.00 7.00 0.00 8.00 0.00 1.07952
4 1.00 0.00 30.50 0.00 1.50 0.00 4.00 0.00 53.7835
4 0.00 0.00 14.00 0.00 11.00 0.00 12.00 0.00 0.955503
4 2.50 0.00 16.50 0.00 8.50 0.00 9.50 0.00 0.32002
4 6.50 0.00 13.50 0.00 8.50 0.00 9.00 0.00 1.02822
4 1.50 0.00 22.50 0.00 6.00 0.00 7.50 0.00 0.578633
4 0.00 0.00 21.00 0.00 7.50 0.00 9.00 0.00 0.271861
4 6.00 0.00 13.00 0.00 9.00 0.00 9.50 0.00 0.503156
4 5.00 0.00 12.00 0.00 10.00 0.00 10.50 0.00 1.17393
4 5.50 0.00 12.50 0.00 9.50 0.00 10.00 0.00 0.575399
4 4.50 0.00 11.50 0.00 10.50 0.00 11.00 0.00 11.0207
4 3.00 0.00 24.00 0.00 4.50 0.00 6.00 0.00 5.1784
4 7.00 0.00 14.00 0.00 8.00 0.00 8.50 0.00 5.00187
4 0.00 0.00 29.50 0.00 3.00 0.00 5.50 0.00 1.80229
4 0.00 0.00 28.00 0.00 4.00 0.00 6.00 0.00 1.09171
4 1.00 0.00 31.50 0.00 1.50 0.00 4.00 0.00 53.7821
4 1.00 0.00 29.00 0.00 3.00 0.00 5.00 0.00 3.48578
4 6.50 0.00 13.50 0.00 9.00 0.00 9.50 0.00 0.564556
4 5.50 0.00 12.50 0.00 10.00 0.00 10.50 0.00 0.687377
4 6.00 0.00 13.00 0.00 9.50 0.00 10.00 0.00 0.528102
4 0.00 0.00 28.50 0.00 4.00 0.00 6.00 0.00 1.08987
4 7.50 0.00 14.50 0.00 8.00 0.00 8.50 0.00 23.607
4 2.50 0.00 23.50 0.00 5.50 0.00 7.00 0.00 1.31796
4 1.00 0.00 29.50 0.00 3.00 0.00 5.00 0.00 3.4859
4 1.00 0.00 22.00 0.00 7.00 0.00 8.50 0.00 0.383078
4 5.00 0.00 12.00 0.00 10.50 0.00 11.00 0.00 2.83064
4 7.00 0.00 14.00 0.00 8.50 0.00 9.00 0.00 1.54489
4 4.50 0.00 18.50 0.00 7.50 0.00 8.50 0.00 1.0389
4 5.00 0.00 19.00 0.00 7.00 0.00 8.00 0.00 2.39024
4 0.50 0.00 14.50 0.00 11.50 0.00 12.50 0.00 1.01964
4 1.00 0.00 15.00 0.00 11.00 0.00 12.00 0.00 0.528128
4 2.00 0.00 16.00 0.00 10.00 0.00 11.00 0.00 0.289944
4 2.50 0.00 16.50 0.00 9.50 0.00 10.50 0.00 0.297961
4 4.00 0.00 18.00 0.00 8.00 0.00 9.00 0.00 0.631365
4 0.00 0.00 14.00 0.00 12.00 0.00 13.00 0.00 4.00471
4 5.50 0.00 19.50 0.00 6.50 0.00 7.50 0.00 10.6803
4 1.50 0.00 15.50 0.00 10.50 0.00 11.50 0.00 0.364246
4 3.00 0.00 17.00 0.00 9.00 0.00 10.00 0.00 0.286618
4 0.00 0.00 30.50 0.00 3.00 0.00 5.50 0.00 1.7975
4 3.50 0.00 17.50 0.00 8.50 0.00 9.50 0.00 0.380814
4 5.00 0.00 12.00 0.00 11.00 0.00 11.50 0.00 14.5868
4 3.50 0.00 24.50 0.00 5.00 0.00 6.50 0.00 6.01101
4 7.00 0.00 14.00 0.00 9.00 0.00 9.50 0.00 0.702344
4 2.00 0.00 23.00 0.00 6.50 0.00 8.00 0.00 0.585005
4 6.00 0.00 13.00 0.00 10.00 0.00 10.50 0.00 0.548938
4 6.50 0.00 13.50 0.00 9.50 0.00 10.00 0.00 0.538575
4 5.50 0.00 12.50 0.00 10.50 0.00 11.00 0.00 1.03813
4 0.50 0.00 21.50 0.00 8.00 0.00 9.50 0.00 0.264749
4 1.50 0.00 31.50 0.00 2.00 0.00 4.50 0.00 34.3527
4 7.50 0.00 14.50 0.00 8.50 0.00 9.00 0.00 3.6957
4 1.50 0.00 29.50 0.00 3.50 0.00 5.50 0.00 3.65523
4 0.00 0.00 31.50 0.00 3.00 0.00 5.50 0.00 1.79461
4 0.50 0.00 30.00 0.00 3.50 0.00 6.00 0.00 2.10751
4 0.50 0.00 28.50 0.00 4.50 0.00 6.50 0.00 1.15601
4 0.00 0.00 21.00 0.00 9.00 0.00 10.50 0.00 0.203379
4 5.50 0.00 12.50 0.00 11.00 0.00 11.50 0.00 3.08916
4 6.50 0.00 13.50 0.00 10.00 0.00 10.50 0.00 0.512041
4 1.50 0.00 22.50 0.00 7.50 0.00 9.00 0.00 0.365551
4 7.50 0.00 14.50 0.00 9.00 0.00 9.50 0.00 1.13339
4 8.00 0.00 15.00 0.00 8.50 0.00 9.00 0.00 12.8347
4 7.00 0.00 14.00 0.00 9.50 0.00 10.00 0.00 0.592186
4 6.00 0.00 13.00 0.00 10.50 0.00 11.00 0.00 0.638147
4 0.50 0.00 29.00 0.00 4.50 0.00 6.50 0.00 1.15438
4 3.00 0.00 24.00 0.00 6.00 0.00 7.50 0.00 1.13989
4 1.50 0.00 30.00 0.00 3.50 0.00 5.50 0.00 3.65349
4 0.50 0.00 31.00 0.00 3.50 0.00 6.00 0.00 2.10422
4 3.00 0.00 17.00 0.00 10.00 0.00 11.00 0.00 0.279116
4 3.50 0.00 17.50 0.00 9.50 0.00 10.50 0.00 0.317277
4 5.50 0.00 19.50 0.00 7.50 0.00 8.50 0.00 2.30159
4 6.00 0.00 20.00 0.00 7.00 0.00 8.00 0.00 9.08323
4 1.50 0.00 15.50 0.00 11.50 0.00 12.50 0.00 0.534036
4 2.50 0.00 16.50 0.00 10.50 0.00 11.50 0.00 0.315541
4 4.50 0.00 18.50 0.00 8.50 0.00 9.50 0.00 0.498214
4 5.00 0.00 19.00 0.00 8.00 0.00 9.00 0.00 1.03698
4 0.50 0.00 14.50 0.00 12.50 0.00 13.50 0.00 3.34241
4 4.00 0.00 18.00 0.00 9.00 0.00 10.00 0.00 0.337697
4 1.00 0.00 15.00 0.00 12.00 0.00 13.00 0.00 1.01353
4 2.00 0.00 16.00 0.00 11.00 0.00 12.00 0.00 0.386868
4 4.00 0.00 25.00 0.00 5.50 0.00 7.00 0.00 4.77065
4 6.00 0.00 13.00 0.00 11.00 0.00 11.50 0.00 1.34974
4 7.00 0.00 14.00 0.00 10.00 0.00 10.50 0.00 0.515321
4 7.50 0.00 14.50 0.00 9.50 0.00 10.00 0.00 0.768552
4 5.50 0.00 12.50 0.00 11.50 0.00 12.00 0.00 9.79845
4 1.00 0.00 22.00 0.00 8.50 0.00 10.00 0.00 0.241837
4 6.50 0.00 13.50 0.00 10.50 0.00 11.00 0.00 0.505079
4 8.00 0.00 15.00 0.00 9.00 0.00 9.50 0.00 2.27884
4 2.50 0.00 23.50 0.00 7.00 0.00 8.50 0.00 0.622895
4 0.00 0.00 28.00 0.00 6.00 0.00 8.00 0.00 0.35067
4 1.00 0.00 29.00 0.00 5.00 0.00 7.00 0.00 1.01518
4 2.00 0.00 30.00 0.00 4.00 0.00 6.00 0.00 3.88816
4 1.00 0.00 30.50 0.00 4.00 0.00 6.50 0.00 2.28338
4 6.50 0.00 13.50 0.00 11.00 0.00 11.50 0.00 0.843645
4 0.00 0.00 28.50 0.00 6.00 0.00 8.00 0.00 0.348369
4 7.50 0.00 14.50 0.00 10.00 0.00 10.50 0.00 0.611326
4 2.00 0.00 30.50 0.00 4.00 0.00 6.00 0.00 3.88667
4 0.50 0.00 21.50 0.00 9.50 0.00 11.00 0.00 0.211278
4 6.00 0.00 13.00 0.00 11.50 0.00 12.00 0.00 2.7772
4 3.50 0.00 24.50 0.00 6.50 0.00 8.00 0.00 1.3621
4 1.00 0.00 29.50 0.00 5.00 0.00 7.00 0.00 1.01346
4 2.00 0.00 23.00 0.00 8.00 0.00 9.50 0.00 0.340115
4 7.00 0.00 14.00 0.00 10.50 0.00 11.00 0.00 0.438155
4 8.50 0.00 15.50 0.00 9.00 0.00 9.50 0.00 10.7832
4 8.00 0.00 15.00 0.00 9.50 0.00 10.00 0.00 1.09539
4 4.00 0.00 18.00 0.00 10.00 0.00 11.00 0.00 0.296116
4 6.00 0.00 20.00 0.00 8.00 0.00 9.00 0.00 2.02611
4 5.00 0.00 19.00 0.00 9.00 0.00 10.00 0.00 0.452863
4 1.50 0.00 15.50 0.00 12.50 0.00 13.50 0.00 0.825299
4 4.50 0.00 18.50 0.00 9.50 0.00 10.50 0.00 0.360279
4 2.50 0.00 16.50 0.00 11.50 0.00 12.50 0.00 0.409015
4 1.00 0.00 31.50 0.00 4.00 0.00 6.50 0.00 2.2804
4 3.50 0.00 17.50 0.00 10.50 0.00 11.50 0.00 0.309486
4 1.00 0.00 15.00 0.00 13.00 0.00 14.00 0.00 3.50207
4 6.50 0.00 20.50 0.00 7.50 0.00 8.50 0.00 6.75143
4 2.00 0.00 16.00 0.00 12.00 0.00 13.00 0.00 0.555119
4 3.00 0.00 17.00 0.00 11.00 0.00 12.00 0.00 0.33861
4 0.00 0.00 29.50 0.00 5.50 0.00 8.00 0.00 0.497178
4 5.50 0.00 19.50 0.00 8.50 0.00 9.50 0.00 0.809494
4 3.00 0.00 24.00 0.00 7.50 0.00 9.00 0.00 0.560047
4 4.50 0.00 25.50 0.00 6.00 0.00 7.50 0.00 4.677
4 6.50 0.00 13.50 0.00 11.50 0.00 12.00 0.00 1.29719
4 8.00 0.00 15.00 0.00 10.00 0.00 10.50 0.00 0.779845
4 7.50 0.00 14.50 0.00 10.50 0.00 11.00 0.00 0.465343
4 0.00 0.00 21.00 0.00 10.50 0.00 12.00 0.00 0.227315
4 8.50 0.00 15.50 0.00 9.50 0.00 10.00 0.00 2.29098
4 6.00 0.00 13.00 0.00 12.00 0.00 12.50 0.00 13.1877
4 1.50 0.00 22.50 0.00 9.00 0.00 10.50 0.00 0.223646
4 7.00 0.00 14.00 0.00 11.00 0.00 11.50 0.00 0.588793
4 0.50 0.00 28.50 0.00 6.50 0.00 8.50 0.00 0.397857
4 0.00 0.00 30.50 0.00 5.50 0.00 8.00 0.00 0.492663
4 1.50 0.00 29.50 0.00 5.50 0.00 7.50 0.00 0.881784
4 2.50 0.00 30.50 0.00 4.50 0.00 6.50 0.00 4.1632
4 8.00 0.00 15.00 0.00 10.50 0.00 11.00 0.00 0.529814
4 1.50 0.00 31.50 0.00 4.50 0.00 7.00 0.00 2.15617
4 4.00 0.00 25.00 0.00 7.00 0.00 8.50 0.00 1.34768
4 1.50 0.00 30.00 0.00 5.50 0.00 7.50 0.00 0.880019
4 1.00 0.00 22.00 0.00 10.00 0.00 11.50 0.00 0.221262
4 7.00 0.00 14.00 0.00 11.50 0.00 12.00 0.00 0.67553
4 2.50 0.00 23.50 0.00 8.50 0.00 10.00 0.00 0.323422
4 8.50 0.00 15.50 0.00 10.00 0.00 10.50 0.00 1.28919
4 9.00 0.00 16.00 0.00 9.50 0.00 10.00 0.00 9.03405
4 0.50 0.00 29.00 0.00 6.50 0.00 8.50 0.00 0.395106
4 6.50 0.00 13.50 0.00 12.00 0.00 12.50 0.00 3.92961
4 2.50 0.00 31.00 0.00 4.50 0.00 6.50 0.00 4.16171
4 7.50 0.00 14.50 0.00 11.00 0.00 11.50 0.00 0.547785
4 0.00 0.00 31.50 0.00 5.50 0.00 8.00 0.00 0.488885
4 7.00 0.00 21.00 0.00 8.00 0.00 9.00 0.00 6.35177
4 2.50 0.00 16.50 0.00 12.50 0.00 13.50 0.00 0.479046
4 3.50 0.00 17.50 0.00 11.50 0.00 12.50 0.00 0.366897
4 5.00 0.00 19.00 0.00 10.00 0.00 11.00 0.00 0.351763
4 6.50 0.00 20.50 0.00 8.50 0.00 9.50 0.00 1.35389
4 5.50 0.00 19.50 0.00 9.50 0.00 10.50 0.00 0.488712
4 6.00 0.00 20.00 0.00 9.00 0.00 10.00 0.00 0.669717
4 4.50 0.00 18.50 0.00 10.50 0.00 11.50 0.00 0.316292
4 2.00 0.00 16.00 0.00 13.00 0.00 14.00 0.00 0.905444
4 3.00 0.00 17.00 0.00 12.00 0.00 13.00 0.00 0.427887
4 0.50 0.00 30.00 0.00 6.00 0.00 8.50 0.00 0.522944
4 1.50 0.00 15.50 0.00 13.50 0.00 14.50 0.00 3.10753
4 4.00 0.00 18.00 0.00 11.00 0.00 12.00 0.00 0.325908
4 0.50 0.00 21.50 0.00 11.00 0.00 12.50 0.00 0.258588
4 8.50 0.00 15.50 0.00 10.50 0.00 11.00 0.00 0.729175
4 6.50 0.00 13.50 0.00 12.50 0.00 13.00 0.00 20.8669
4 3.50 0.00 24.50 0.00 8.00 0.00 9.50 0.00 0.565312
4 2.00 0.00 23.00 0.00 9.50 0.00 11.00 0.00 0.228703
4 7.50 0.00 14.50 0.00 11.50 0.00 12.00 0.00 0.538488
4 8.00 0.00 15.00 0.00 11.00 0.00 11.50 0.00 0.556176
4 9.00 0.00 16.00 0.00 10.00 0.00 10.50 0.00 2.89437
4 7.00 0.00 14.00 0.00 12.00 0.00 12.50 0.00 1.23947
4 5.00 0.00 26.00 0.00 6.50 0.00 8.00 0.00 5.04048
4 0.50 0.00 31.00 0.00 6.00 0.00 8.50 0.00 0.518409
4 0.00 0.00 28.00 0.00 8.00 0.00 10.00 0.00 0.224055
4 2.00 0.00 30.00 0.00 6.00 0.00 8.00 0.00 0.81678
4 3.00 0.00 31.00 0.00 5.00 0.00 7.00 0.00 3.09994
4 1.00 0.00 29.00 0.00 7.00 0.00 9.00 0.00 0.404993
4 9.00 0.00 16.00 0.00 10.50 0.00 11.00 0.00 1.21305
4 7.00 0.00 14.00 0.00 12.50 0.00 13.00 0.00 2.96497
4 8.50 0.00 15.50 0.00 11.00 0.00 11.50 0.00 0.660768
4 4.50 0.00 25.50 0.00 7.50 0.00 9.00 0.00 1.23896
4 0.00 0.00 28.50 0.00 8.00 0.00 10.00 0.00 0.22057
4 2.00 0.00 30.50 0.00 6.00 0.00 8.00 0.00 0.815018
4 1.50 0.00 22.50 0.00 10.50 0.00 12.00 0.00 0.225758
4 9.50 0.00 16.50 0.00 10.00 0.00 10.50 0.00 11.1965
4 7.50 0.00 14.50 0.00 12.00 0.00 12.50 0.00 0.789234
4 0.00 0.00 21.00 0.00 12.00 0.00 13.50 0.00 0.272701
4 8.00 0.00 15.00 0.00 11.50 0.00 12.00 0.00 0.483639
4 3.00 0.00 31.50 0.00 5.00 0.00 7.00 0.00 3.09868
4 3.00 0.00 24.00 0.00 9.00 0.00 10.50 0.00 0.279351
4 1.00 0.00 29.50 0.00 7.00 0.00 9.00 0.00 0.402144
4 4.50 0.00 18.50 0.00 11.50 0.00 12.50 0.00 0.340454
4 1.00 0.00 30.50 0.00 6.50 0.00 9.00 0.00 0.545156
4 7.50 0.00 21.50 0.00 8.50 0.00 9.50 0.00 4.67054
4 3.00 0.00 17.00 0.00 13.00 0.00 14.00 0.00 0.539221
4 7.00 0.00 21.00 0.00 9.00 0.00 10.00 0.00 1.07649
4 6.00 0.00 20.00 0.00 10.00 0.00 11.00 0.00 0.457756
4 4.00 0.00 18.00 0.00 12.00 0.00 13.00 0.00 0.372162
4 5.50 0.00 19.50 0.00 10.50 0.00 11.50 0.00 0.374951
4 2.50 0.00 16.50 0.00 13.50 0.00 14.50 0.00 0.84734
4 6.50 0.00 20.50 0.00 9.50 0.00 10.50 0.00 0.672457
4 3.50 0.00 17.50 0.00 12.50 0.00 13.50 0.00 0.385681
4 2.00 0.00 16.00 0.00 14.00 0.00 15.00 0.00 4.96229
4 5.00 0.00 19.00 0.00 11.00 0.00 12.00 0.00 0.343125
4 7.50 0.00 14.50 0.00 12.50 0.00 13.00 0.00 1.22361
4 2.50 0.00 23.50 0.00 10.00 0.00 11.50 0.00 0.243566
4 8.00 0.00 15.00 0.00 12.00 0.00 12.50 0.00 0.602871
4 5.50 0.00 26.50 0.00 7.00 0.00 8.50 0.00 5.29714
4 9.00 0.00 16.00 0.00 11.00 0.00 11.50 0.00 0.902789
4 1.00 0.00 22.00 0.00 11.50 0.00 13.00 0.00 0.258643
4 7.00 0.00 14.00 0.00 13.00 0.00 13.50 0.00 8.81951
4 8.50 0.00 15.50 0.00 11.50 0.00 12.00 0.00 0.508435
4 4.00 0.00 25.00 0.00 8.50 0.00 10.00 0.00 0.474766
4 9.50 0.00 16.50 0.00 10.50 0.00 11.00 0.00 2.42691
4 1.50 0.00 29.50 0.00 7.50 0.00 9.50 0.00 0.365339
4 1.00 0.00 31.50 0.00 6.50 0.00 9.00 0.00 0.540111
4 0.00 0.00 29.50 0.00 8.00 0.00 10.50 0.00 0.254554
4 0.50 0.00 28.50 0.00 8.50 0.00 10.50 0.00 0.210945
4 2.50 0.00 30.50 0.00 6.50 0.00 8.50 0.00 0.872933
4 3.50 0.00 31.50 0.00 5.50 0.00 7.50 0.00 3.39446
4 2.00 0.00 23.00 0.00 11.00 0.00 12.50 0.00 0.251872
4 3.50 0.00 24.50 0.00 9.50 0.00 11.00 0.00 0.296042
4 5.00 0.00 26.00 0.00 8.00 0.00 9.50 0.00 1.16845
4 0.50 0.00 21.50 0.00 12.50 0.00 14.00 0.00 0.282497
4 8.50 0.00 15.50 0.00 12.00 0.00 12.50 0.00 0.551444
4 9.50 0.00 16.50 0.00 11.00 0.00 11.50 0.00 1.34982
4 8.00 0.00 15.00 0.00 12.50 0.00 13.00 0.00 0.709131
4 7.50 0.00 14.50 0.00 13.00 0.00 13.50 0.00 2.27991
4 1.50 0.00 30.00 0.00 7.50 0.00 9.50 0.00 0.362597
4 0.50 0.00 29.00 0.00 8.50 0.00 10.50 0.00 0.207719
4 10.00 0.00 17.00 0.00 10.50 0.00 11.00 0.00 8.08678
4 9.00 0.00 16.00 0.00 11.50 0.00 12.00 0.00 0.611428
4 2.50 0.00 31.00 0.00 6.50 0.00 8.50 0.00 0.870926
4 6.50 0.00 20.50 0.00 10.50 0.00 11.50 0.00 0.457665
4 2.50 0.00 16.50 0.00 14.50 0.00 15.50 0.00 3.39662
4 0.00 0.00 30.50 0.00 8.00 0.00 10.50 0.00 0.247486
4 8.00 0.00 22.00 0.00 9.00 0.00 10.00 0.00 3.22501
4 4.00 0.00 18.00 0.00 13.00 0.00 14.00 0.00 0.407892
4 5.50 0.00 19.50 0.00 11.50 0.00 12.50 0.00 0.358996
4 6.00 0.00 20.00 0.00 11.00 0.00 12.00 0.00 0.392958
4 7.00 0.00 21.00 0.00 10.00 0.00 11.00 0.00 0.625223
4 7.50 0.00 21.50 0.00 9.50 0.00 10.50 0.00 1.15384
4 3.00 0.00 17.00 0.00 14.00 0.00 15.00 0.00 1.0559
4 3.50 0.00 17.50 0.00 13.50 0.00 14.50 0.00 0.552304
4 4.50 0.00 18.50 0.00 12.50 0.00 13.50 0.00 0.323372
4 5.00 0.00 19.00 0.00 12.00 0.00 13.00 0.00 0.353957
4 4.50 0.00 25.50 0.00 9.00 0.00 10.50 0.00 0.435056
4 8.50 0.00 15.50 0.00 12.50 0.00 13.00 0.00 0.530589
4 0.00 0.00 21.00 0.00 13.50 0.00 15.00 0.00 0.343651
4 3.00 0.00 24.00 0.00 10.50 0.00 12.00 0.00 0.243299
4 1.50 0.00 31.50 0.00 7.00 0.00 9.50 0.00 0.509745
4 6.00 0.00 27.00 0.00 7.50 0.00 9.00 0.00 4.27886
4 1.50 0.00 22.50 0.00 12.00 0.00 13.50 0.00 0.250166
4 9.50 0.00 16.50 0.00 11.50 0.00 12.00 0.00 0.785421
4 7.50 0.00 14.50 0.00 13.50 0.00 14.00 0.00 10.8635
4 8.00 0.00 15.00 0.00 13.00 0.00 13.50 0.00 0.943648
4 10.00 0.00 17.00 0.00 11.00 0.00 11.50 0.00 2.68629
4 9.00 0.00 16.00 0.00 12.00 0.00 12.50 0.00 0.586678
4 3.00 0.00 31.00 0.00 7.00 0.00 9.00 0.00 0.812005
4 0.00 0.00 28.00 0.00 10.00 0.00 12.00 0.00 0.170132
4 0.50 0.00 30.00 0.00 8.50 0.00 11.00 0.00 0.23954
4 0.00 0.00 31.50 0.00 8.00 0.00 10.50 0.00 0.241691
4 2.00 0.00 30.00 0.00 8.00 0.00 10.00 0.00 0.350171
4 1.00 0.00 29.00 0.00 9.00 0.00 11.00 0.00 0.195363
4 8.00 0.00 15.00 0.00 13.50 0.00 14.00 0.00 2.73446
4 3.00 0.00 31.50 0.00 7.00 0.00 9.00 0.00 0.809948
4 2.50 0.00 23.50 0.00 11.50 0.00 13.00 0.00 0.251827
4 0.00 0.00 28.50 0.00 10.00 0.00 12.00 0.00 0.165761
4 1.00 0.00 22.00 0.00 13.00 0.00 14.50 0.00 0.266524
4 10.00 0.00 17.00 0.00 11.50 0.00 12.00 0.00 1.2448
4 9.00 0.00 16.00 0.00 12.50 0.00 13.00 0.00 0.491732
4 4.00 0.00 25.00 0.00 10.00 0.00 11.50 0.00 0.303982
4 2.00 0.00 30.50 0.00 8.00 0.00 10.00 0.00 0.347598
4 8.50 0.00 15.50 0.00 13.00 0.00 13.50 0.00 0.55184
4 1.00 0.00 29.50 0.00 9.00 0.00 11.00 0.00 0.19221
4 10.50 0.00 17.50 0.00 11.00 0.00 11.50 0.00 9.50077
4 9.50 0.00 16.50 0.00 12.00 0.00 12.50 0.00 0.66379
4 5.50 0.00 26.50 0.00 8.50 0.00 10.00 0.00 0.98035
4 3.00 0.00 17.00 0.00 15.00 0.00 16.00 0.00 2.99778
4 3.50 0.00 17.50 0.00 14.50 0.00 15.50 0.00 1.28559
4 5.50 0.00 19.50 0.00 12.50 0.00 13.50 0.00 0.309532
4 6.00 0.00 20.00 0.00 12.00 0.00 13.00 0.00 0.364267
4 7.00 0.00 21.00 0.00 11.00 0.00 12.00 0.00 0.470646
4 0.50 0.00 31.00 0.00 8.50 0.00 11.00 0.00 0.232982
4 4.50 0.00 18.50 0.00 13.50 0.00 14.50 0.00 0.399475
4 5.00 0.00 19.00 0.00 13.00 0.00 14.00 0.00 0.350476
4 8.00 0.00 22.00 0.00 10.00 0.00 11.00 0.00 1.1067
4 8.50 0.00 22.50 0.00 9.50 0.00 10.50 0.00 3.42782
4 4.00 0.00 18.00 0.00 14.00 0.00 15.00 0.00 0.570153
4 6.50 0.00 20.50 0.00 11.50 0.00 12.50 0.00 0.393751
4 7.50 0.00 21.50 0.00 10.50 0.00 11.50 0.00 0.64727
4 8.50 0.00 15.50 0.00 13.50 0.00 14.00 0.00 1.12701
4 10.50 0.00 17.50 0.00 11.50 0.00 12.00 0.00 2.6237
4 9.50 0.00 16.50 0.00 12.50 0.00 13.00 0.00 0.493581
4 8.00 0.00 15.00 0.00 14.00 0.00 14.50 0.00 10.3201
4 10.00 0.00 17.00 0.00 12.00 0.00 12.50 0.00 0.877875
4 9.00 0.00 16.00 0.00 13.00 0.00 13.50 0.00 0.441913
4 5.00 0.00 26.00 0.00 9.50 0.00 11.00 0.00 0.45498
4 3.50 0.00 24.50 0.00 11.00 0.00 12.50 0.00 0.27822
4 6.50 0.00 27.50 0.00 8.00 0.00 9.50 0.00 3.39491
4 2.00 0.00 23.00 0.00 12.50 0.00 14.00 0.00 0.25299
4 0.50 0.00 21.50 0.00 14.00 0.00 15.50 0.00 0.354207
4 1.50 0.00 29.50 0.00 9.50 0.00 11.50 0.00 0.207301
4 1.00 0.00 30.50 0.00 9.00 0.00 11.50 0.00 0.234919
4 3.50 0.00 31.50 0.00 7.50 0.00 9.50 0.00 0.819696
4 0.50 0.00 28.50 0.00 10.50 0.00 12.50 0.00 0.186174
4 2.50 0.00 30.50 0.00 8.50 0.00 10.50 0.00 0.339492
4 10.00 0.00 17.00 0.00 12.50 0.00 13.00 0.00 0.564639
4 9.00 0.00 16.00 0.00 13.50 0.00 14.00 0.00 0.732458
4 0.00 0.00 21.00 0.00 15.00 0.00 16.50 0.00 0.427248
4 11.00 0.00 18.00 0.00 11.50 0.00 12.00 0.00 10.7614
4 6.00 0.00 27.00 0.00 9.00 0.00 10.50 0.00 0.840168
4 3.00 0.00 24.00 0.00 12.00 0.00 13.50 0.00 0.241646
4 1.50 0.00 22.50 0.00 13.50 0.00 15.00 0.00 0.29647
4 8.50 0.00 15.50 0.00 14.00 0.00 14.50 0.00 2.16964
4 10.50 0.00 17.50 0.00 12.00 0.00 12.50 0.00 1.38411
4 9.50 0.00 16.50 0.00 13.00 0.00 13.50 0.00 0.398103
4 1.50 0.00 30.00 0.00 9.50 0.00 11.50 0.00 0.203887
4 0.50 0.00 29.00 0.00 10.50 0.00 12.50 0.00 0.181535
4 4.50 0.00 25.50 0.00 10.50 0.00 12.00 0.00 0.309447
4 2.50 0.00 31.00 0.00 8.50 0.00 10.50 0.00 0.336981
4 7.00 0.00 21.00 0.00 12.00 0.00 13.00 0.00 0.390715
4 8.00 0.00 22.00 0.00 11.00 0.00 12.00 0.00 0.671442
4 3.50 0.00 17.50 0.00 15.50 0.00 16.50 0.00 3.03948
4 9.00 0.00 23.00 0.00 10.00 0.00 11.00 0.00 3.96341
4 6.50 0.00 20.50 0.00 12.50 0.00 13.50 0.00 0.311089
4 7.50 0.00 21.50 0.00 11.50 0.00 12.50 0.00 0.48237
4 1.00 0.00 31.50 0.00 9.00 0.00 11.50 0.00 0.228475
4 0.00 0.00 29.50 0.00 10.50 0.00 13.00 0.00 0.204197
4 5.50 0.00 19.50 0.00 13.50 0.00 14.50 0.00 0.350019
4 8.50 0.00 22.50 0.00 10.50 0.00 11.50 0.00 1.17656
4 4.00 0.00 18.00 0.00 15.00 0.00 16.00 0.00 1.01494
4 4.50 0.00 18.50 0.00 14.50 0.00 15.50 0.00 0.64175
4 6.00 0.00 20.00 0.00 13.00 0.00 14.00 0.00 0.330333
4 5.00 0.00 19.00 0.00 14.00 0.00 15.00 0.00 0.410868
4 10.50 0.00 17.50 0.00 12.50 0.00 13.00 0.00 0.720799
4 9.50 0.00 16.50 0.00 13.50 0.00 14.00 0.00 0.57159
4 1.00 0.00 22.00 0.00 14.50 0.00 16.00 0.00 0.358424
4 2.50 0.00 23.50 0.00 13.00 0.00 14.50 0.00 0.242251
4 8.50 0.00 15.50 0.00 14.50 0.00 15.00 0.00 19.0961
4 10.00 0.00 17.00 0.00 13.00 0.00 13.50 0.00 0.414877
4 9.00 0.00 16.00 0.00 14.00 0.00 14.50 0.00 0.916277
4 4.00 0.00 25.00 0.00 11.50 0.00 13.00 0.00 0.271606
4 11.00 0.00 18.00 0.00 12.00 0.00 12.50 0.00 3.18372
4 5.50 0.00 26.50 0.00 10.00 0.00 11.50 0.00 0.47882
4 7.00 0.00 28.00 0.00 8.50 0.00 10.00 0.00 2.45309
4 3.00 0.00 31.00 0.00 9.00 0.00 11.00 0.00 0.290776
4 2.00 0.00 30.00 0.00 10.00 0.00 12.00 0.00 0.212778
4 0.00 0.00 30.50 0.00 10.50 0.00 13.00 0.00 0.193738
4 0.00 0.00 28.00 0.00 12.00 0.00 14.00 0.00 0.18497
4 1.00 0.00 29.00 0.00 11.00 0.00 13.00 0.00 0.197226
4 1.00 0.00 29.50 0.00 11.00 0.00 13.00 0.00 0.192238
4 11.00 0.00 18.00 0.00 12.50 0.00 13.00 0.00 1.1229
4 3.00 0.00 31.50 0.00 9.00 0.00 11.00 0.00 0.288456
4 10.50 0.00 17.50 0.00 13.00 0.00 13.50 0.00 0.472791
4 9.50 0.00 16.50 0.00 14.00 0.00 14.50 0.00 0.540262
4 5.00 0.00 26.00 0.00 11.00 0.00 12.50 0.00 0.34668
4 0.50 0.00 21.50 0.00 15.50 0.00 17.00 0.00 0.394523
4 9.00 0.00 16.00 0.00 14.50 0.00 15.00 0.00 4.22411
4 11.50 0.00 18.50 0.00 12.00 0.00 12.50 0.00 14.6968
4 2.00 0.00 30.50 0.00 10.00 0.00 12.00 0.00 0.209523
4 6.50 0.00 27.50 0.00 9.50 0.00 11.00 0.00 0.804217
4 2.00 0.00 23.00 0.00 14.00 0.00 15.50 0.00 0.296458
4 0.00 0.00 28.50 0.00 12.00 0.00 14.00 0.00 0.178413
4 10.00 0.00 17.00 0.00 13.50 0.00 14.00 0.00 0.540278
4 1.50 0.00 31.50 0.00 9.50 0.00 12.00 0.00 0.238939
4 3.50 0.00 24.50 0.00 12.50 0.00 14.00 0.00 0.247106
4 9.00 0.00 23.00 0.00 11.00 0.00 12.00 0.00 1.28764
4 5.00 0.00 19.00 0.00 15.00 0.00 16.00 0.00 0.561989
4 6.50 0.00 20.50 0.00 13.50 0.00 14.50 0.00 0.32932
4 5.50 0.00 19.50 0.00 14.50 0.00 15.50 0.00 0.471675
4 6.00 0.00 20.00 0.00 14.00 0.00 15.00 0.00 0.351539
4 4.50 0.00 18.50 0.00 15.50 0.00 16.50 0.00 0.878899
4 7.50 0.00 21.50 0.00 12.50 0.00 13.50 0.00 0.338486
4 8.50 0.00 22.50 0.00 11.50 0.00 12.50 0.00 0.693369
4 4.00 0.00 18.00 0.00 16.00 0.00 17.00 0.00 2.46449
4 0.50 0.00 30.00 0.00 11.00 0.00 13.50 0.00 0.210879
4 0.00 0.00 31.50 0.00 10.50 0.00 13.00 0.00 0.184986
4 9.50 0.00 23.50 0.00 10.50 0.00 11.50 0.00 3.62147
4 7.00 0.00 21.00 0.00 13.00 0.00 14.00 0.00 0.324631
4 8.00 0.00 22.00 0.00 12.00 0.00 13.00 0.00 0.480536
4 7.50 0.00 28.50 0.00 9.00 0.00 10.50 0.00 2.14571
4 10.00 0.00 17.00 0.00 14.00 0.00 14.50 0.00 0.450258
4 3.00 0.00 24.00 0.00 13.50 0.00 15.00 0.00 0.263715
4 0.00 0.00 21.00 0.00 16.50 0.00 18.00 0.00 0.61184
4 11.00 0.00 18.00 0.00 13.00 0.00 13.50 0.00 0.608659
4 9.00 0.00 16.00 0.00 15.00 0.00 15.50 0.00 13.708
4 9.50 0.00 16.50 0.00 14.50 0.00 15.00 0.00 1.29503
4 10.50 0.00 17.50 0.00 13.50 0.00 14.00 0.00 0.555798
4 4.50 0.00 25.50 0.00 12.00 0.00 13.50 0.00 0.264157
4 11.50 0.00 18.50 0.00 12.50 0.00 13.00 0.00 2.86886
4 6.00 0.00 27.00 0.00 10.50 0.00 12.00 0.00 0.467489
4 1.50 0.00 22.50 0.00 15.00 0.00 16.50 0.00 0.339072
4 1.50 0.00 29.50 0.00 11.50 0.00 13.50 0.00 0.18822
4 3.50 0.00 31.50 0.00 9.50 0.00 11.50 0.00 0.326078
4 0.50 0.00 31.00 0.00 11.00 0.00 13.50 0.00 0.200903
4 2.50 0.00 30.50 0.00 10.50 0.00 12.50 0.00 0.232878
4 0.50 0.00 28.50 0.00 12.50 0.00 14.50 0.00 0.176726
4 10.00 0.00 17.00 0.00 14.50 0.00 15.00 0.00 0.853539
4 0.50 0.00 29.00 0.00 12.50 0.00 14.50 0.00 0.170707
4 10.50 0.00 17.50 0.00 14.00 0.00 14.50 0.00 0.417409
4 11.50 0.00 18.50 0.00 13.00 0.00 13.50 0.00 1.12184
4 9.50 0.00 16.50 0.00 15.00 0.00 15.50 0.00 2.28361
4 7.00 0.00 28.00 0.00 10.00 0.00 11.50 0.00 0.798507
4 4.00 0.00 25.00 0.00 13.00 0.00 14.50 0.00 0.234813
4 11.00 0.00 18.00 0.00 13.50 0.00 14.00 0.00 0.614987
4 1.50 0.00 30.00 0.00 11.50 0.00 13.50 0.00 0.183424
4 5.50 0.00 26.50 0.00 11.50 0.00 13.00 0.00 0.344272
4 1.00 0.00 22.00 0.00 16.00 0.00 17.50 0.00 0.375268
4 12.00 0.00 19.00 0.00 12.50 0.00 13.00 0.00 9.96991
4 2.50 0.00 31.00 0.00 10.50 0.00 12.50 0.00 0.229417
4 2.50 0.00 23.50 0.00 14.50 0.00 16.00 0.00 0.300154
4 4.50 0.00 18.50 0.00 16.50 0.00 17.50 0.00 2.19689
4 7.50 0.00 21.50 0.00 13.50 0.00 14.50 0.00 0.335
4 8.50 0.00 22.50 0.00 12.50 0.00 13.50 0.00 0.415598
4 7.00 0.00 21.00 0.00 14.00 0.00 15.00 0.00 0.321458
4 6.00 0.00 20.00 0.00 15.00 0.00 16.00 0.00 0.421049
4 6.50 0.00 20.50 0.00 14.50 0.00 15.50 0.00 0.400119
4 9.50 0.00 23.50 0.00 11.50 0.00 12.50 0.00 1.21088
4 5.50 0.00 19.50 0.00 15.50 0.00 16.50 0.00 0.507688
4 8.00 0.00 22.00 0.00 13.00 0.00 14.00 0.00 0.357822
4 10.00 0.00 24.00 0.00 11.00 0.00 12.00 0.00 3.76229
4 1.00 0.00 30.50 0.00 11.50 0.00 14.00 0.00 0.217694
4 5.00 0.00 19.00 0.00 16.00 0.00 17.00 0.00 0.797329
4 9.00 0.00 23.00 0.00 12.00 0.00 13.00 0.00 0.698388
4 11.00 0.00 18.00 0.00 14.00 0.00 14.50 0.00 0.40364
4 10.00 0.00 17.00 0.00 15.00 0.00 15.50 0.00 1.271
4 10.50 0.00 17.50 0.00 14.50 0.00 15.00 0.00 0.666148
4 12.00 0.00 19.00 0.00 13.00 0.00 13.50 0.00 2.61561
4 6.50 0.00 27.50 0.00 11.00 0.00 12.50 0.00 0.491034
4 2.00 0.00 23.00 0.00 15.50 0.00 17.00 0.00 0.305406
4 8.00 0.00 29.00 0.00 9.50 0.00 11.00 0.00 2.04624
4 3.50 0.00 24.50 0.00 14.00 0.00 15.50 0.00 0.267737
4 5.00 0.00 26.00 0.00 12.50 0.00 14.00 0.00 0.263726
4 0.50 0.00 21.50 0.00 17.00 0.00 18.50 0.00 0.679967
4 9.50 0.00 16.50 0.00 15.50 0.00 16.00 0.00 4.64522
4 11.50 0.00 18.50 0.00 13.50 0.00 14.00 0.00 0.875242
4 2.00 0.00 30.00 0.00 12.00 0.00 14.00 0.00 0.19783
4 1.00 0.00 29.00 0.00 13.00 0.00 15.00 0.00 0.184912
4 3.00 0.00 31.00 0.00 11.00 0.00 13.00 0.00 0.237672
4 1.00 0.00 31.50 0.00 11.50 0.00 14.00 0.00 0.207314
4 0.00 0.00 29.50 0.00 13.00 0.00 15.50 0.00 0.210489
4 0.00 0.00 28.00 0.00 14.00 0.00 16.00 0.00 0.193994
4 11.50 0.00 18.50 0.00 14.00 0.00 14.50 0.00 0.47133
4 2.00 0.00 30.50 0.00 12.00 0.00 14.00 0.00 0.192977
4 1.00 0.00 29.50 0.00 13.00 0.00 15.00 0.00 0.178544
4 6.00 0.00 27.00 0.00 12.00 0.00 13.50 0.00 0.328313
4 1.50 0.00 22.50 0.00 16.50 0.00 18.00 0.00 0.419832
4 10.50 0.00 17.50 0.00 15.00 0.00 15.50 0.00 0.873355
4 11.00 0.00 18.00 0.00 14.50 0.00 15.00 0.00 0.535953
4 12.50 0.00 19.50 0.00 13.00 0.00 13.50 0.00 11.8491
4 3.00 0.00 31.50 0.00 11.00 0.00 13.00 0.00 0.233999
4 0.00 0.00 21.00 0.00 18.00 0.00 19.50 0.00 1.67274
4 10.00 0.00 17.00 0.00 15.50 0.00 16.00 0.00 1.8963
4 12.00 0.00 19.00 0.00 13.50 0.00 14.00 0.00 1.50429
4 4.50 0.00 25.50 0.00 13.50 0.00 15.00 0.00 0.260111
4 7.50 0.00 28.50 0.00 10.50 0.00 12.00 0.00 0.794242
4 3.00 0.00 24.00 0.00 15.00 0.00 16.50 0.00 0.280479
4 0.00 0.00 28.50 0.00 14.00 0.00 16.00 0.00 0.185331
4 8.00 0.00 22.00 0.00 14.00 0.00 15.00 0.00 0.328369
4 8.50 0.00 22.50 0.00 13.50 0.00 14.50 0.00 0.374018
4 6.00 0.00 20.00 0.00 16.00 0.00 17.00 0.00 0.477743
4 10.50 0.00 24.50 0.00 11.50 0.00 12.50 0.00 3.82129
4 9.50 0.00 23.50 0.00 12.50 0.00 13.50 0.00 0.563688
4 5.50 0.00 19.50 0.00 16.50 0.00 17.50 0.00 0.718742
4 7.00 0.00 21.00 0.00 15.00 0.00 16.00 0.00 0.351352
4 7.50 0.00 21.50 0.00 14.50 0.00 15.50 0.00 0.367244
4 5.00 0.00 19.00 0.00 17.00 0.00 18.00 0.00 2.64603
4 10.00 0.00 24.00 0.00 12.00 0.00 13.00 0.00 1.18878
4 9.00 0.00 23.00 0.00 13.00 0.00 14.00 0.00 0.440396
4 6.50 0.00 20.50 0.00 15.50 0.00 16.50 0.00 0.382697
4 0.00 0.00 30.50 0.00 13.00 0.00 15.50 0.00 0.195311
4 11.00 0.00 18.00 0.00 15.00 0.00 15.50 0.00 0.603939
4 11.50 0.00 18.50 0.00 14.50 0.00 15.00 0.00 0.525495
4 1.50 0.00 31.50 0.00 12.00 0.00 14.50 0.00 0.211732
4 4.00 0.00 25.00 0.00 14.50 0.00 16.00 0.00 0.266548
4 10.50 0.00 17.50 0.00 15.50 0.00 16.00 0.00 1.1078
4 8.50 0.00 29.50 0.00 10.00 0.00 11.50 0.00 2.31353
4 12.50 0.00 19.50 0.00 13.50 0.00 14.00 0.00 4.19588
4 7.00 0.00 28.00 0.00 11.50 0.00 13.00 0.00 0.465038
4 2.50 0.00 23.50 0.00 16.00 0.00 17.50 0.00 0.289459
4 5.50 0.00 26.50 0.00 13.00 0.00 14.50 0.00 0.258072
4 10.00 0.00 17.00 0.00 16.00 0.00 16.50 0.00 4.85722
4 1.00 0.00 22.00 0.00 17.50 0.00 19.00 0.00 0.725176
4 12.00 0.00 19.00 0.00 14.00 0.00 14.50 0.00 0.625824
4 0.50 0.00 30.00 0.00 13.50 0.00 16.00 0.00 0.217432
4 0.00 0.00 31.50 0.00 13.00 0.00 15.50 0.00 0.182143
4 2.50 0.00 30.50 0.00 12.50 0.00 14.50 0.00 0.189876
4 1.50 0.00 29.50 0.00 13.50 0.00 15.50 0.00 0.198474
4 3.50 0.00 31.50 0.00 11.50 0.00 13.50 0.00 0.237278
4 0.50 0.00 28.50 0.00 14.50 0.00 16.50 0.00 0.199353
4 13.00 0.00 20.00 0.00 13.50 0.00 14.00 0.00 22.1571
4 12.00 0.00 19.00 0.00 14.50 0.00 15.00 0.00 0.579917
4 8.00 0.00 29.00 0.00 11.00 0.00 12.50 0.00 0.841145
4 3.50 0.00 24.50 0.00 15.50 0.00 17.00 0.00 0.255625
4 0.50 0.00 29.00 0.00 14.50 0.00 16.50 0.00 0.190577
4 6.50 0.00 27.50 0.00 12.50 0.00 14.00 0.00 0.315887
4 5.00 0.00 26.00 0.00 14.00 0.00 15.50 0.00 0.256547
4 11.00 0.00 18.00 0.00 15.50 0.00 16.00 0.00 0.636917
4 0.50 0.00 21.50 0.00 18.50 0.00 20.00 0.00 1.64822
4 2.50 0.00 31.00 0.00 12.50 0.00 14.50 0.00 0.185456
4 2.00 0.00 23.00 0.00 17.00 0.00 18.50 0.00 0.449441
4 10.50 0.00 17.50 0.00 16.00 0.00 16.50 0.00 2.08378
4 1.50 0.00 30.00 0.00 13.50 0.00 15.50 0.00 0.19156
4 11.50 0.00 18.50 0.00 15.00 0.00 15.50 0.00 0.522626
4 12.50 0.00 19.50 0.00 14.00 0.00 14.50 0.00 1.0917
4 9.00 0.00 23.00 0.00 14.00 0.00 15.00 0.00 0.363477
4 6.00 0.00 20.00 0.00 17.00 0.00 18.00 0.00 0.863478
4 7.00 0.00 21.00 0.00 16.00 0.00 17.00 0.00 0.354417
4 0.50 0.00 31.00 0.00 13.50 0.00 16.00 0.00 0.202443
4 10.00 0.00 24.00 0.00 13.00 0.00 14.00 0.00 0.57956
4 8.00 0.00 22.00 0.00 15.00 0.00 16.00 0.00 0.333095
4 8.50 0.00 22.50 0.00 14.50 0.00 15.50 0.00 0.372148
4 6.50 0.00 20.50 0.00 16.50 0.00 17.50 0.00 0.433637
4 7.50 0.00 21.50 0.00 15.50 0.00 16.50 0.00 0.329214
4 10.50 0.00 24.50 0.00 12.50 0.00 13.50 0.00 0.961393
4 9.50 0.00 23.50 0.00 13.50 0.00 14.50 0.00 0.440379
4 5.50 0.00 19.50 0.00 17.50 0.00 18.50 0.00 2.98508
4 11.00 0.00 25.00 0.00 12.00 0.00 13.00 0.00 4.12273
4 3.00 0.00 24.00 0.00 16.50 0.00 18.00 0.00 0.317312
4 9.00 0.00 30.00 0.00 10.50 0.00 12.00 0.00 2.35456
4 1.50 0.00 22.50 0.00 18.00 0.00 19.50 0.00 0.737945
4 10.50 0.00 17.50 0.00 16.50 0.00 17.00 0.00 7.04019
4 4.50 0.00 25.50 0.00 15.00 0.00 16.50 0.00 0.253521
4 11.50 0.00 18.50 0.00 15.50 0.00 16.00 0.00 0.480505
4 13.00 0.00 20.00 0.00 14.00 0.00 14.50 0.00 2.84341
4 11.00 0.00 18.00 0.00 16.00 0.00 16.50 0.00 0.945237
4 7.50 0.00 28.50 0.00 12.00 0.00 13.50 0.00 0.450013
4 6.00 0.00 27.00 0.00 13.50 0.00 15.00 0.00 0.280779
4 12.00 0.00 19.00 0.00 15.00 0.00 15.50 0.00 0.511979
4 12.50 0.00 19.50 0.00 14.50 0.00 15.00 0.00 0.771845
4 2.00 0.00 30.00 0.00 14.00 0.00 16.00 0.00 0.189147
4 3.00 0.00 31.00 0.00 13.00 0.00 15.00 0.00 0.193387
4 1.00 0.00 30.50 0.00 14.00 0.00 16.50 0.00 0.211705
4 0.00 0.00 28.00 0.00 16.00 0.00 18.00 0.00 0.204081
4 1.00 0.00 29.00 0.00 15.00 0.00 17.00 0.00 0.186008
4 11.00 0.00 18.00 0.00 16.50 0.00 17.00 0.00 1.6593
4 1.00 0.00 29.50 0.00 15.00 0.00 17.00 0.00 0.177937
4 2.00 0.00 30.50 0.00 14.00 0.00 16.00 0.00 0.182938
4 12.00 0.00 19.00 0.00 15.50 0.00 16.00 0.00 0.418628
4 13.50 0.00 20.50 0.00 14.00 0.00 14.50 0.00 9.39522
4 3.00 0.00 31.50 0.00 13.00 0.00 15.00 0.00 0.188629
4 8.50 0.00 29.50 0.00 11.50 0.00 13.00 0.00 0.827908
4 13.00 0.00 20.00 0.00 14.50 0.00 15.00 0.00 1.28485
4 5.50 0.00 26.50 0.00 14.50 0.00 16.00 0.00 0.261913
4 1.00 0.00 22.00 0.00 19.00 0.00 20.50 0.00 1.85367
4 7.00 0.00 28.00 0.00 13.00 0.00 14.50 0.00 0.302215
4 2.50 0.00 23.50 0.00 17.50 0.00 19.00 0.00 0.474326
4 11.50 0.00 18.50 0.00 16.00 0.00 16.50 0.00 0.610896
4 12.50 0.00 19.50 0.00 15.00 0.00 15.50 0.00 0.583434
4 0.00 0.00 28.50 0.00 16.00 0.00 18.00 0.00 0.192784
4 4.00 0.00 25.00 0.00 16.00 0.00 17.50 0.00 0.238928
4 8.00 0.00 22.00 0.00 16.00 0.00 17.00 0.00 0.312723
4 11.50 0.00 25.50 0.00 12.50 0.00 13.50 0.00 3.83289
4 9.00 0.00 23.00 0.00 15.00 0.00 16.00 0.00 0.339313
4 9.50 0.00 23.50 0.00 14.50 0.00 15.50 0.00 0.39311
4 6.50 0.00 20.50 0.00 17.50 0.00 18.50 0.00 0.945316
4 7.50 0.00 21.50 0.00 16.50 0.00 17.50 0.00 0.333453
4 10.50 0.00 24.50 0.00 13.50 0.00 14.50 0.00 0.589195
4 1.00 0.00 31.50 0.00 14.00 0.00 16.50 0.00 0.197298
4 0.00 0.00 29.50 0.00 15.50 0.00 18.00 0.00 0.212997
4 11.00 0.00 25.00 0.00 13.00 0.00 14.00 0.00 0.979766
4 8.50 0.00 22.50 0.00 15.50 0.00 16.50 0.00 0.311472
4 10.00 0.00 24.00 0.00 14.00 0.00 15.00 0.00 0.417177
4 6.00 0.00 20.00 0.00 18.00 0.00 19.00 0.00 2.77974
4 7.00 0.00 21.00 0.00 17.00 0.00 18.00 0.00 0.51013
4 11.50 0.00 18.50 0.00 16.50 0.00 17.00 0.00 0.813658
4 6.50 0.00 27.50 0.00 14.00 0.00 15.50 0.00 0.273825
4 2.00 0.00 23.00 0.00 18.50 0.00 20.00 0.00 0.702769
4 13.00 0.00 20.00 0.00 15.00 0.00 15.50 0.00 0.768757
4 13.50 0.00 20.50 0.00 14.50 0.00 15.00 0.00 2.61138
4 8.00 0.00 29.00 0.00 12.50 0.00 14.00 0.00 0.431714
4 3.50 0.00 24.50 0.00 17.00 0.00 18.50 0.00 0.340002
4 12.50 0.00 19.50 0.00 15.50 0.00 16.00 0.00 0.421156
4 9.50 0.00 30.50 0.00 11.00 0.00 12.50 0.00 2.38872
4 11.00 0.00 18.00 0.00 17.00 0.00 17.50 0.00 5.6833
4 12.00 0.00 19.00 0.00 16.00 0.00 16.50 0.00 0.473581
4 5.00 0.00 26.00 0.00 15.50 0.00 17.00 0.00 0.225068
4 0.50 0.00 28.50 0.00 16.50 0.00 18.50 0.00 0.210278
4 1.50 0.00 29.50 0.00 15.50 0.00 17.50 0.00 0.170946
4 2.50 0.00 30.50 0.00 14.50 0.00 16.50 0.00 0.194786
4 0.00 0.00 30.50 0.00 15.50 0.00 18.00 0.00 0.192921
4 3.50 0.00 31.50 0.00 13.50 0.00 15.50 0.00 0.216037
4 9.00 0.00 30.00 0.00 12.00 0.00 13.50 0.00 0.799883
4 13.50 0.00 20.50 0.00 15.00 0.00 15.50 0.00 1.16201
4 14.00 0.00 21.00 0.00 14.50 0.00 15.00 0.00 10.7421
4 0.50 0.00 29.00 0.00 16.50 0.00 18.50 0.00 0.198678
4 4.50 0.00 25.50 0.00 16.50 0.00 18.00 0.00 0.262579
4 11.50 0.00 18.50 0.00 17.00 0.00 17.50 0.00 1.5146
4 2.50 0.00 31.00 0.00 14.50 0.00 16.50 0.00 0.188361
4 6.00 0.00 27.00 0.00 15.00 0.00 16.50 0.00 0.246555
4 12.50 0.00 19.50 0.00 16.00 0.00 16.50 0.00 0.430262
4 7.50 0.00 28.50 0.00 13.50 0.00 15.00 0.00 0.334197
4 13.00 0.00 20.00 0.00 15.50 0.00 16.00 0.00 0.474938
4 1.50 0.00 31.50 0.00 14.50 0.00 17.00 0.00 0.201325
4 1.50 0.00 30.00 0.00 15.50 0.00 17.50 0.00 0.163381
4 3.00 0.00 24.00 0.00 18.00 0.00 19.50 0.00 0.461987
4 12.00 0.00 19.00 0.00 16.50 0.00 17.00 0.00 0.522755
4 1.50 0.00 22.50 0.00 19.50 0.00 21.00 0.00 2.07235
4 11.00 0.00 25.00 0.00 14.00 0.00 15.00 0.00 0.534098
4 7.50 0.00 21.50 0.00 17.50 0.00 18.50 0.00 0.589815
4 8.50 0.00 22.50 0.00 16.50 0.00 17.50 0.00 0.292955
4 0.50 0.00 30.00 0.00 16.00 0.00 18.50 0.00 0.219563
4 0.00 0.00 31.50 0.00 15.50 0.00 18.00 0.00 0.176318
4 7.00 0.00 21.00 0.00 18.00 0.00 19.00 0.00 0.875542
4 12.00 0.00 26.00 0.00 13.00 0.00 14.00 0.00 3.94416
4 9.50 0.00 23.50 0.00 15.50 0.00 16.50 0.00 0.307471
4 8.00 0.00 22.00 0.00 17.00 0.00 18.00 0.00 0.40597
4 10.00 0.00 24.00 0.00 15.00 0.00 16.00 0.00 0.356741
4 11.50 0.00 25.50 0.00 13.50 0.00 14.50 0.00 1.11564
4 9.00 0.00 23.00 0.00 16.00 0.00 17.00 0.00 0.297308
4 10.50 0.00 24.50 0.00 14.50 0.00 15.50 0.00 0.448177
4 6.50 0.00 20.50 0.00 18.50 0.00 19.50 0.00 2.65785
4 4.00 0.00 25.00 0.00 17.50 0.00 19.00 0.00 0.352977
4 13.00 0.00 20.00 0.00 16.00 0.00 16.50 0.00 0.435267
4 14.00 0.00 21.00 0.00 15.00 0.00 15.50 0.00 2.775
4 5.50 0.00 26.50 0.00 16.00 0.00 17.50 0.00 0.216642
4 12.00 0.00 19.00 0.00 17.00 0.00 17.50 0.00 0.732489
4 8.50 0.00 29.50 0.00 13.00 0.00 14.50 0.00 0.426536
4 7.00 0.00 28.00 0.00 14.50 0.00 16.00 0.00 0.275978
4 2.50 0.00 23.50 0.00 19.00 0.00 20.50 0.00 0.754682
4 10.00 0.00 31.00 0.00 11.50 0.00 13.00 0.00 2.26407
4 13.50 0.00 20.50 0.00 15.50 0.00 16.00 0.00 0.590738
4 11.50 0.00 18.50 0.00 17.50 0.00 18.00 0.00 7.78914
4 12.50 0.00 19.50 0.00 16.50 0.00 17.00 0.00 0.41428
4 3.00 0.00 31.00 0.00 15.00 0.00 17.00 0.00 0.176924
4 1.00 0.00 29.00 0.00 17.00 0.00 19.00 0.00 0.219507
4 0.50 0.00 31.00 0.00 16.00 0.00 18.50 0.00 0.199588
4 0.00 0.00 28.00 0.00 18.00 0.00 20.00 0.00 0.265435
4 2.00 0.00 30.00 0.00 16.00 0.00 18.00 0.00 0.181321
4 8.00 0.00 29.00 0.00 14.00 0.00 15.50 0.00 0.325903
4 3.50 0.00 24.50 0.00 18.50 0.00 20.00 0.00 0.445877
4 0.00 0.00 28.50 0.00 18.00 0.00 20.00 0.00 0.247438
4 14.50 0.00 21.50 0.00 15.00 0.00 15.50 0.00 10.9839
4 2.00 0.00 30.50 0.00 16.00 0.00 18.00 0.00 0.173404
4 12.50 0.00 19.50 0.00 17.00 0.00 17.50 0.00 0.491091
4 3.00 0.00 31.50 0.00 15.00 0.00 17.00 0.00 0.170887
4 13.00 0.00 20.00 0.00 16.50 0.00 17.00 0.00 0.372331
4 1.00 0.00 29.50 0.00 17.00 0.00 19.00 0.00 0.207685
4 9.50 0.00 30.50 0.00 12.50 0.00 14.00 0.00 0.723396
4 14.00 0.00 21.00 0.00 15.50 0.00 16.00 0.00 0.993327
4 12.00 0.00 19.00 0.00 17.50 0.00 18.00 0.00 2.0699
4 6.50 0.00 27.50 0.00 15.50 0.00 17.00 0.00 0.222324
4 2.00 0.00 23.00 0.00 20.00 0.00 21.50 0.00 1.838
4 13.50 0.00 20.50 0.00 16.00 0.00 16.50 0.00 0.477798
4 5.00 0.00 26.00 0.00 17.00 0.00 18.50 0.00 0.273988
4 12.00 0.00 26.00 0.00 14.00 0.00 15.00 0.00 0.96004
4 8.50 0.00 22.50 0.00 17.50 0.00 18.50 0.00 0.464958
4 7.00 0.00 21.00 0.00 19.00 0.00 20.00 0.00 2.28166
4 11.00 0.00 25.00 0.00 15.00 0.00 16.00 0.00 0.399063
4 11.50 0.00 25.50 0.00 14.50 0.00 15.50 0.00 0.591873
4 10.50 0.00 24.50 0.00 15.50 0.00 16.50 0.00 0.324716
4 9.50 0.00 23.50 0.00 16.50 0.00 17.50 0.00 0.270429
4 8.00 0.00 22.00 0.00 18.00 0.00 19.00 0.00 0.564128
4 10.00 0.00 24.00 0.00 16.00 0.00 17.00 0.00 0.292619
4 9.00 0.00 23.00 0.00 17.00 0.00 18.00 0.00 0.356302
4 1.00 0.00 30.50 0.00 16.50 0.00 19.00 0.00 0.2229
4 12.50 0.00 26.50 0.00 13.50 0.00 14.50 0.00 5.11551
4 7.50 0.00 21.50 0.00 18.50 0.00 19.50 0.00 0.941479
4 12.00 0.00 19.00 0.00 18.00 0.00 18.50 0.00 8.69246
4 7.50 0.00 28.50 0.00 15.00 0.00 16.50 0.00 0.264559
4 4.50 0.00 25.50 0.00 18.00 0.00 19.50 0.00 0.342409
4 13.50 0.00 20.50 0.00 16.50 0.00 17.00 0.00 0.365296
4 14.50 0.00 21.50 0.00 15.50 0.00 16.00 0.00 2.25662
4 6.00 0.00 27.00 0.00 16.50 0.00 18.00 0.00 0.23433
4 12.50 0.00 19.50 0.00 17.50 0.00 18.00 0.00 1.02805
4 13.00 0.00 20.00 0.00 17.00 0.00 17.50 0.00 0.395886
4 3.00 0.00 24.00 0.00 19.50 0.00 21.00 0.00 0.772737
4 10.50 0.00 31.50 0.00 12.00 0.00 13.50 0.00 2.16346
4 14.00 0.00 21.00 0.00 16.00 0.00 16.50 0.00 0.640235
4 9.00 0.00 30.00 0.00 13.50 0.00 15.00 0.00 0.464227
4 1.00 0.00 31.50 0.00 16.50 0.00 19.00 0.00 0.202143
4 0.00 0.00 29.50 0.00 18.00 0.00 20.50 0.00 0.2859
4 0.50 0.00 28.50 0.00 18.50 0.00 20.50 0.00 0.272438
4 2.50 0.00 30.50 0.00 16.50 0.00 18.50 0.00 0.186178
4 3.50 0.00 31.50 0.00 15.50 0.00 17.50 0.00 0.168528
4 1.50 0.00 29.50 0.00 17.50 0.00 19.50 0.00 0.22976
4 13.00 0.00 20.00 0.00 17.50 0.00 18.00 0.00 0.696719
4 2.50 0.00 23.50 0.00 20.50 0.00 22.00 0.00 1.72931
4 8.50 0.00 29.50 0.00 14.50 0.00 16.00 0.00 0.336691
4 15.00 0.00 22.00 0.00 15.50 0.00 16.00 0.00 17.2622
4 14.00 0.00 21.00 0.00 16.50 0.00 17.00 0.00 0.408641
4 1.50 0.00 30.00 0.00 17.50 0.00 19.50 0.00 0.216886
4 0.50 0.00 29.00 0.00 18.50 0.00 20.50 0.00 0.253199
4 5.50 0.00 26.50 0.00 17.50 0.00 19.00 0.00 0.292886
4 2.50 0.00 31.00 0.00 16.50 0.00 18.50 0.00 0.178275
4 13.50 0.00 20.50 0.00 17.00 0.00 17.50 0.00 0.355893
4 10.00 0.00 31.00 0.00 13.00 0.00 14.50 0.00 0.685599
4 14.50 0.00 21.50 0.00 16.00 0.00 16.50 0.00 1.0206
4 4.00 0.00 25.00 0.00 19.00 0.00 20.50 0.00 0.460203
4 12.50 0.00 19.50 0.00 18.00 0.00 18.50 0.00 2.1392
4 7.00 0.00 28.00 0.00 16.00 0.00 17.50 0.00 0.211994
4 10.50 0.00 24.50 0.00 16.50 0.00 17.50 0.00 0.266203
4 9.50 0.00 23.50 0.00 17.50 0.00 18.50 0.00 0.396212
4 11.00 0.00 25.00 0.00 16.00 0.00 17.00 0.00 0.301255
4 12.00 0.00 26.00 0.00 15.00 0.00 16.00 0.00 0.534945
4 12.50 0.00 26.50 0.00 14.50 0.00 15.50 0.00 1.0698
4 7.50 0.00 21.50 0.00 19.50 0.00 20.50 0.00 2.87924
4 10.00 0.00 24.00 0.00 17.00 0.00 18.00 0.00 0.329094
4 9.00 0.00 23.00 0.00 18.00 0.00 19.00 0.00 0.436775
4 11.50 0.00 25.50 0.00 15.50 0.00 16.50 0.00 0.37257
4 8.50 0.00 22.50 0.00 18.50 0.00 19.50 0.00 0.59329
4 13.00 0.00 27.00 0.00 14.00 0.00 15.00 0.00 3.95179
4 0.00 0.00 30.50 0.00 18.00 0.00 20.50 0.00 0.251113
4 8.00 0.00 22.00 0.00 19.00 0.00 20.00 0.00 0.91957
4 13.50 0.00 20.50 0.00 17.50 0.00 18.00 0.00 0.561091
4 1.50 0.00 31.50 0.00 17.00 0.00 19.50 0.00 0.219043
4 14.50 0.00 21.50 0.00 16.50 0.00 17.00 0.00 0.507623
4 9.50 0.00 30.50 0.00 14.00 0.00 15.50 0.00 0.435785
4 12.50 0.00 19.50 0.00 18.50 0.00 19.00 0.00 8.46308
4 13.00 0.00 20.00 0.00 18.00 0.00 18.50 0.00 0.981124
4 8.00 0.00 29.00 0.00 15.50 0.00 17.00 0.00 0.241164
4 15.00 0.00 22.00 0.00 16.00 0.00 16.50 0.00 3.97643
4 14.00 0.00 21.00 0.00 17.00 0.00 17.50 0.00 0.363108
4 5.00 0.00 26.00 0.00 18.50 0.00 20.00 0.00 0.319932
4 3.50 0.00 24.50 0.00 20.00 0.00 21.50 0.00 0.732181
4 6.50 0.00 27.50 0.00 17.00 0.00 18.50 0.00 0.250093
4 2.00 0.00 30.00 0.00 18.00 0.00 20.00 0.00 0.217793
4 1.00 0.00 29.00 0.00 19.00 0.00 21.00 0.00 0.274319
4 3.00 0.00 31.00 0.00 17.00 0.00 19.00 0.00 0.193088
4 0.00 0.00 28.00 0.00 20.00 0.00 22.00 0.00 0.339487
4 0.50 0.00 30.00 0.00 18.50 0.00 21.00 0.00 0.286376
4 0.00 0.00 31.50 0.00 18.00 0.00 20.50 0.00 0.222195
4 14.00 0.00 21.00 0.00 17.50 0.00 18.00 0.00 0.513974
4 0.00 0.00 28.50 0.00 20.00 0.00 22.00 0.00 0.309805
4 4.50 0.00 25.50 0.00 19.50 0.00 21.00 0.00 0.467189
4 2.00 0.00 30.50 0.00 18.00 0.00 20.00 0.00 0.205991
4 7.50 0.00 28.50 0.00 16.50 0.00 18.00 0.00 0.231416
4 3.00 0.00 24.00 0.00 21.00 0.00 22.50 0.00 1.64112
4 13.50 0.00 20.50 0.00 18.00 0.00 18.50 0.00 0.637849
4 15.50 0.00 22.50 0.00 16.00 0.00 16.50 0.00 15.4847
4 14.50 0.00 21.50 0.00 17.00 0.00 17.50 0.00 0.407003
4 1.00 0.00 29.50 0.00 19.00 0.00 21.00 0.00 0.256289
4 6.00 0.00 27.00 0.00 18.00 0.00 19.50 0.00 0.279293
4 9.00 0.00 30.00 0.00 15.00 0.00 16.50 0.00 0.321882
4 10.50 0.00 31.50 0.00 13.50 0.00 15.00 0.00 0.722433
4 13.00 0.00 20.00 0.00 18.50 0.00 19.00 0.00 1.96794
4 3.00 0.00 31.50 0.00 17.00 0.00 19.00 0.00 0.184337
4 15.00 0.00 22.00 0.00 16.50 0.00 17.00 0.00 0.957917
4 0.50 0.00 31.00 0.00 18.50 0.00 21.00 0.00 0.253138
4 8.00 0.00 22.00 0.00 20.00 0.00 21.00 0.00 3.11163
4 10.00 0.00 24.00 0.00 18.00 0.00 19.00 0.00 0.37255
4 13.00 0.00 27.00 0.00 15.00 0.00 16.00 0.00 0.991299
4 13.50 0.00 27.50 0.00 14.50 0.00 15.50 0.00 3.57009
4 8.50 0.00 22.50 0.00 19.50 0.00 20.50 0.00 1.02386
4 11.50 0.00 25.50 0.00 16.50 0.00 17.50 0.00 0.279885
4 12.50 0.00 26.50 0.00 15.50 0.00 16.50 0.00 0.498183
4 10.50 0.00 24.50 0.00 17.50 0.00 18.50 0.00 0.365237
4 9.50 0.00 23.50 0.00 18.50 0.00 19.50 0.00 0.436118
4 11.00 0.00 25.00 0.00 17.00 0.00 18.00 0.00 0.31659
4 9.00 0.00 23.00 0.00 19.00 0.00 20.00 0.00 0.567474
4 12.00 0.00 26.00 0.00 16.00 0.00 17.00 0.00 0.348285
4 7.00 0.00 28.00 0.00 17.50 0.00 19.00 0.00 0.266719
4 13.00 0.00 20.00 0.00 19.00 0.00 19.50 0.00 7.45237
4 15.00 0.00 22.00 0.00 17.00 0.00 17.50 0.00 0.602253
4 14.00 0.00 21.00 0.00 18.00 0.00 18.50 0.00 0.505155
4 10.00 0.00 31.00 0.00 14.50 0.00 16.00 0.00 0.436483
4 4.00 0.00 25.00 0.00 20.50 0.00 22.00 0.00 0.650218
4 13.50 0.00 20.50 0.00 18.50 0.00 19.00 0.00 0.912325
4 5.50 0.00 26.50 0.00 19.00 0.00 20.50 0.00 0.335523
4 8.50 0.00 29.50 0.00 16.00 0.00 17.50 0.00 0.235319
4 15.50 0.00 22.50 0.00 16.50 0.00 17.00 0.00 1.98084
4 14.50 0.00 21.50 0.00 17.50 0.00 18.00 0.00 0.528942
4 1.00 0.00 30.50 0.00 19.00 0.00 21.50 0.00 0.276807
4 0.50 0.00 28.50 0.00 20.50 0.00 22.50 0.00 0.310654
4 2.50 0.00 30.50 0.00 18.50 0.00 20.50 0.00 0.22136
4 1.50 0.00 29.50 0.00 19.50 0.00 21.50 0.00 0.262352
4 3.50 0.00 31.50 0.00 17.50 0.00 19.50 0.00 0.206927
4 13.50 0.00 20.50 0.00 19.00 0.00 19.50 0.00 1.91022
4 15.50 0.00 22.50 0.00 17.00 0.00 17.50 0.00 1.00434
4 14.50 0.00 21.50 0.00 18.00 0.00 18.50 0.00 0.467915
4 0.50 0.00 29.00 0.00 20.50 0.00 22.50 0.00 0.283719
4 1.50 0.00 30.00 0.00 19.50 0.00 21.50 0.00 0.243972
4 5.00 0.00 26.00 0.00 20.00 0.00 21.50 0.00 0.423912
4 6.50 0.00 27.50 0.00 18.50 0.00 20.00 0.00 0.270483
4 2.50 0.00 31.00 0.00 18.50 0.00 20.50 0.00 0.209366
4 8.00 0.00 29.00 0.00 17.00 0.00 18.50 0.00 0.250657
4 3.50 0.00 24.50 0.00 21.50 0.00 23.00 0.00 1.86631
4 15.00 0.00 22.00 0.00 17.50 0.00 18.00 0.00 0.656897
4 14.00 0.00 21.00 0.00 18.50 0.00 19.00 0.00 0.611427
4 16.00 0.00 23.00 0.00 16.50 0.00 17.00 0.00 4.7506
4 9.50 0.00 30.50 0.00 15.50 0.00 17.00 0.00 0.28666
4 11.50 0.00 25.50 0.00 17.50 0.00 18.50 0.00 0.358838
4 9.00 0.00 23.00 0.00 20.00 0.00 21.00 0.00 1.10314
4 9.50 0.00 23.50 0.00 19.50 0.00 20.50 0.00 0.609932
4 12.50 0.00 26.50 0.00 16.50 0.00 17.50 0.00 0.324665
4 10.50 0.00 24.50 0.00 18.50 0.00 19.50 0.00 0.367889
4 13.50 0.00 27.50 0.00 15.50 0.00 16.50 0.00 0.840625
4 1.00 0.00 31.50 0.00 19.00 0.00 21.50 0.00 0.243322
4 0.00 0.00 29.50 0.00 20.50 0.00 23.00 0.00 0.359466
4 11.00 0.00 25.00 0.00 18.00 0.00 19.00 0.00 0.333727
4 8.50 0.00 22.50 0.00 20.50 0.00 21.50 0.00 2.7534
4 10.00 0.00 24.00 0.00 19.00 0.00 20.00 0.00 0.429036
4 12.00 0.00 26.00 0.00 17.00 0.00 18.00 0.00 0.334077
4 13.00 0.00 27.00 0.00 16.00 0.00 17.00 0.00 0.47605
4 14.00 0.00 28.00 0.00 15.00 0.00 16.00 0.00 3.60218
4 13.50 0.00 20.50 0.00 19.50 0.00 20.00 0.00 4.63648
4 14.00 0.00 21.00 0.00 19.00 0.00 19.50 0.00 0.950888
4 16.00 0.00 23.00 0.00 17.00 0.00 17.50 0.00 1.79267
4 10.50 0.00 31.50 0.00 15.00 0.00 16.50 0.00 0.411658
4 7.50 0.00 28.50 0.00 18.00 0.00 19.50 0.00 0.256502
4 6.00 0.00 27.00 0.00 19.50 0.00 21.00 0.00 0.337286
4 15.50 0.00 22.50 0.00 17.50 0.00 18.00 0.00 0.92361
4 14.50 0.00 21.50 0.00 18.50 0.00 19.00 0.00 0.505691
4 9.00 0.00 30.00 0.00 16.50 0.00 18.00 0.00 0.255549
4 4.50 0.00 25.50 0.00 21.00 0.00 22.50 0.00 0.614785
4 15.00 0.00 22.00 0.00 18.00 0.00 18.50 0.00 0.493568
4 2.00 0.00 30.00 0.00 20.00 0.00 22.00 0.00 0.254083
4 0.00 0.00 30.50 0.00 20.50 0.00 23.00 0.00 0.303723
4 0.00 0.00 28.00 0.00 22.00 0.00 24.00 0.00 0.48977
4 1.00 0.00 29.00 0.00 21.00 0.00 23.00 0.00 0.32227
4 3.00 0.00 31.00 0.00 19.00 0.00 21.00 0.00 0.223748
4 14.00 0.00 21.00 0.00 19.50 0.00 20.00 0.00 1.50025
4 8.50 0.00 29.50 0.00 17.50 0.00 19.00 0.00 0.273028
4 16.50 0.00 23.50 0.00 17.00 0.00 17.50 0.00 4.56689
4 2.00 0.00 30.50 0.00 20.00 0.00 22.00 0.00 0.236931
4 15.00 0.00 22.00 0.00 18.50 0.00 19.00 0.00 0.473739
4 0.00 0.00 28.50 0.00 22.00 0.00 24.00 0.00 0.425555
4 4.00 0.00 25.00 0.00 22.00 0.00 23.50 0.00 1.83462
4 1.50 0.00 31.50 0.00 19.50 0.00 22.00 0.00 0.250412
4 5.50 0.00 26.50 0.00 20.50 0.00 22.00 0.00 0.391101
4 16.00 0.00 23.00 0.00 17.50 0.00 18.00 0.00 1.38614
4 1.00 0.00 29.50 0.00 21.00 0.00 23.00 0.00 0.296159
4 3.00 0.00 31.50 0.00 19.00 0.00 21.00 0.00 0.210678
4 7.00 0.00 28.00 0.00 19.00 0.00 20.50 0.00 0.279189
4 15.50 0.00 22.50 0.00 18.00 0.00 18.50 0.00 0.584529
4 14.50 0.00 21.50 0.00 19.00 0.00 19.50 0.00 0.664145
4 10.00 0.00 31.00 0.00 16.00 0.00 17.50 0.00 0.275543
4 12.50 0.00 26.50 0.00 17.50 0.00 18.50 0.00 0.379475
4 13.50 0.00 27.50 0.00 16.50 0.00 17.50 0.00 0.421188
4 0.50 0.00 30.00 0.00 21.00 0.00 23.50 0.00 0.343968
4 0.00 0.00 31.50 0.00 20.50 0.00 23.00 0.00 0.26028
4 12.00 0.00 26.00 0.00 18.00 0.00 19.00 0.00 0.326461
4 9.50 0.00 23.50 0.00 20.50 0.00 21.50 0.00 0.949265
4 14.50 0.00 28.50 0.00 15.50 0.00 16.50 0.00 3.11775
4 13.00 0.00 27.00 0.00 17.00 0.00 18.00 0.00 0.39576
4 14.00 0.00 28.00 0.00 16.00 0.00 17.00 0.00 0.840934
4 10.00 0.00 24.00 0.00 20.00 0.00 21.00 0.00 0.653123
4 11.50 0.00 25.50 0.00 18.50 0.00 19.50 0.00 0.334818
4 9.00 0.00 23.00 0.00 21.00 0.00 22.00 0.00 2.54866
4 10.50 0.00 24.50 0.00 19.50 0.00 20.50 0.00 0.452844
4 11.00 0.00 25.00 0.00 19.00 0.00 20.00 0.00 0.351876
4 14.00 0.00 21.00 0.00 20.00 0.00 20.50 0.00 6.4333
4 14.50 0.00 21.50 0.00 19.50 0.00 20.00 0.00 0.859851
4 6.50 0.00 27.50 0.00 20.00 0.00 21.50 0.00 0.320983
4 15.50 0.00 22.50 0.00 18.50 0.00 19.00 0.00 0.497338
4 8.00 0.00 29.00 0.00 18.50 0.00 20.00 0.00 0.252125
4 16.50 0.00 23.50 0.00 17.50 0.00 18.00 0.00 2.51857
4 5.00 0.00 26.00 0.00 21.50 0.00 23.00 0.00 0.630293
4 15.00 0.00 22.00 0.00 19.00 0.00 19.50 0.00 0.538728
4 16.00 0.00 23.00 0.00 18.00 0.00 18.50 0.00 0.735736
4 9.50 0.00 30.50 0.00 17.00 0.00 18.50 0.00 0.274166
4 3.50 0.00 31.50 0.00 19.50 0.00 21.50 0.00 0.216119
4 2.50 0.00 30.50 0.00 20.50 0.00 22.50 0.00 0.234332
4 0.50 0.00 31.00 0.00 21.00 0.00 23.50 0.00 0.291677
4 0.50 0.00 28.50 0.00 22.50 0.00 24.50 0.00 0.496687
4 1.50 0.00 29.50 0.00 21.50 0.00 23.50 0.00 0.321243
4 6.00 0.00 27.00 0.00 21.00 0.00 22.50 0.00 0.355654
4 7.50 0.00 28.50 0.00 19.50 0.00 21.00 0.00 0.286384
4 16.00 0.00 23.00 0.00 18.50 0.00 19.00 0.00 0.549859
4 10.50 0.00 31.50 0.00 16.50 0.00 18.00 0.00 0.294269
4 17.00 0.00 24.00 0.00 17.50 0.00 18.00 0.00 7.88924
4 1.50 0.00 30.00 0.00 21.50 0.00 23.50 0.00 0.292211
4 2.50 0.00 31.00 0.00 20.50 0.00 22.50 0.00 0.219287
4 15.50 0.00 22.50 0.00 19.00 0.00 19.50 0.00 0.498496
4 9.00 0.00 30.00 0.00 18.00 0.00 19.50 0.00 0.262127
4 15.00 0.00 22.00 0.00 19.50 0.00 20.00 0.00 0.617788
4 0.50 0.00 29.00 0.00 22.50 0.00 24.50 0.00 0.430186
4 4.50 0.00 25.50 0.00 22.50 0.00 24.00 0.00 2.04266
4 16.50 0.00 23.50 0.00 18.00 0.00 18.50 0.00 1.06716
4 14.50 0.00 21.50 0.00 20.00 0.00 20.50 0.00 2.18247
4 11.00 0.00 25.00 0.00 20.00 0.00 21.00 0.00 0.463426
4 11.50 0.00 25.50 0.00 19.50 0.00 20.50 0.00 0.376055
4 14.50 0.00 28.50 0.00 16.50 0.00 17.50 0.00 0.716777
4 10.50 0.00 24.50 0.00 20.50 0.00 21.50 0.00 0.566919
4 9.50 0.00 23.50 0.00 21.50 0.00 22.50 0.00 2.46703
4 13.00 0.00 27.00 0.00 18.00 0.00 19.00 0.00 0.353643
4 15.00 0.00 29.00 0.00 16.00 0.00 17.00 0.00 4.7769
4 10.00 0.00 24.00 0.00 21.00 0.00 22.00 0.00 0.901681
4 1.00 0.00 30.50 0.00 21.50 0.00 24.00 0.00 0.338581
4 14.00 0.00 28.00 0.00 17.00 0.00 18.00 0.00 0.528576
4 12.50 0.00 26.50 0.00 18.50 0.00 19.50 0.00 0.326328
4 13.50 0.00 27.50 0.00 17.50 0.00 18.50 0.00 0.437974
4 12.00 0.00 26.00 0.00 19.00 0.00 20.00 0.00 0.319162
4 10.00 0.00 31.00 0.00 17.50 0.00 19.00 0.00 0.295535
4 14.50 0.00 21.50 0.00 20.50 0.00 21.00 0.00 6.58527
4 16.50 0.00 23.50 0.00 18.50 0.00 19.00 0.00 0.684503
4 7.00 0.00 28.00 0.00 20.50 0.00 22.00 0.00 0.297621
4 16.00 0.00 23.00 0.00 19.00 0.00 19.50 0.00 0.483601
4 8.50 0.00 29.50 0.00 19.00 0.00 20.50 0.00 0.261458
4 15.00 0.00 22.00 0.00 20.00 0.00 20.50 0.00 1.08567
4 15.50 0.00 22.50 0.00 19.50 0.00 20.00 0.00 0.521998
4 5.50 0.00 26.50 0.00 22.00 0.00 23.50 0.00 0.629242
4 17.00 0.00 24.00 0.00 18.00 0.00 18.50 0.00 1.90646
4 0.00 0.00 28.00 0.00 24.00 0.00 26.00 0.00 1.32001
4 2.00 0.00 30.00 0.00 22.00 0.00 24.00 0.00 0.312925
4 1.00 0.00 29.00 0.00 23.00 0.00 25.00 0.00 0.48276
4 3.00 0.00 31.00 0.00 21.00 0.00 23.00 0.00 0.239642
4 1.00 0.00 31.50 0.00 21.50 0.00 24.00 0.00 0.284735
4 0.00 0.00 29.50 0.00 23.00 0.00 25.50 0.00 0.551435
4 8.00 0.00 29.00 0.00 20.00 0.00 21.50 0.00 0.274736
4 17.00 0.00 24.00 0.00 18.50 0.00 19.00 0.00 0.971333
4 6.50 0.00 27.50 0.00 21.50 0.00 23.00 0.00 0.392251
4 5.00 0.00 26.00 0.00 23.00 0.00 24.50 0.00 1.68214
4 16.50 0.00 23.50 0.00 19.00 0.00 19.50 0.00 0.524393
4 0.00 0.00 28.50 0.00 24.00 0.00 26.00 0.00 0.910354
4 15.50 0.00 22.50 0.00 20.00 0.00 20.50 0.00 0.74122
4 16.00 0.00 23.00 0.00 19.50 0.00 20.00 0.00 0.460935
4 2.00 0.00 30.50 0.00 22.00 0.00 24.00 0.00 0.285185
4 1.00 0.00 29.50 0.00 23.00 0.00 25.00 0.00 0.418995
4 9.50 0.00 30.50 0.00 18.50 0.00 20.00 0.00 0.25664
4 3.00 0.00 31.50 0.00 21.00 0.00 23.00 0.00 0.22153
4 17.50 0.00 24.50 0.00 18.00 0.00 18.50 0.00 6.05339
4 15.00 0.00 22.00 0.00 20.50 0.00 21.00 0.00 2.21959
4 12.00 0.00 26.00 0.00 20.00 0.00 21.00 0.00 0.38061
4 12.50 0.00 26.50 0.00 19.50 0.00 20.50 0.00 0.332986
4 10.00 0.00 24.00 0.00 22.00 0.00 23.00 0.00 2.96866
4 15.00 0.00 29.00 0.00 17.00 0.00 18.00 0.00 1.01859
4 14.00 0.00 28.00 0.00 18.00 0.00 19.00 0.00 0.412616
4 11.50 0.00 25.50 0.00 20.50 0.00 21.50 0.00 0.416664
4 13.50 0.00 27.50 0.00 18.50 0.00 19.50 0.00 0.344782
4 13.00 0.00 27.00 0.00 19.00 0.00 20.00 0.00 0.322242
4 0.00 0.00 30.50 0.00 23.00 0.00 25.50 0.00 0.423429
4 11.00 0.00 25.00 0.00 21.00 0.00 22.00 0.00 0.503851
4 15.50 0.00 29.50 0.00 16.50 0.00 17.50 0.00 2.83806
4 14.50 0.00 28.50 0.00 17.50 0.00 18.50 0.00 0.588555
4 10.50 0.00 24.50 0.00 21.50 0.00 22.50 0.00 0.872751
4 17.50 0.00 24.50 0.00 18.50 0.00 19.00 0.00 1.75092
4 10.50 0.00 31.50 0.00 18.00 0.00 19.50 0.00 0.280717
4 15.00 0.00 22.00 0.00 21.00 0.00 21.50 0.00 5.10337
4 9.00 0.00 30.00 0.00 19.50 0.00 21.00 0.00 0.272407
4 17.00 0.00 24.00 0.00 19.00 0.00 19.50 0.00 0.627332
4 16.00 0.00 23.00 0.00 20.00 0.00 20.50 0.00 0.594332
4 16.50 0.00 23.50 0.00 19.50 0.00 20.00 0.00 0.457736
4 7.50 0.00 28.50 0.00 21.00 0.00 22.50 0.00 0.270566
4 1.50 0.00 31.50 0.00 22.00 0.00 24.50 0.00 0.306122
4 15.50 0.00 22.50 0.00 20.50 0.00 21.00 0.00 1.24351
4 6.00 0.00 27.00 0.00 22.50 0.00 24.00 0.00 0.62132
4 3.50 0.00 31.50 0.00 21.50 0.00 23.50 0.00 0.239008
4 0.50 0.00 28.50 0.00 24.50 0.00 26.50 0.00 1.21978
4 0.50 0.00 30.00 0.00 23.50 0.00 26.00 0.00 0.558174
4 0.00 0.00 31.50 0.00 23.00 0.00 25.50 0.00 0.338057
4 2.50 0.00 30.50 0.00 22.50 0.00 24.50 0.00 0.316239
4 1.50 0.00 29.50 0.00 23.50 0.00 25.50 0.00 0.473361
4 8.50 0.00 29.50 0.00 20.50 0.00 22.00 0.00 0.262775
4 15.50 0.00 22.50 0.00 21.00 0.00 21.50 0.00 1.69528
4 16.50 0.00 23.50 0.00 20.00 0.00 20.50 0.00 0.516312
4 18.00 0.00 25.00 0.00 18.50 0.00 19.00 0.00 7.52597
4 17.00 0.00 24.00 0.00 19.50 0.00 20.00 0.00 0.493925
4 1.50 0.00 30.00 0.00 23.50 0.00 25.50 0.00 0.408948
4 7.00 0.00 28.00 0.00 22.00 0.00 23.50 0.00 0.386517
4 5.50 0.00 26.50 0.00 23.50 0.00 25.00 0.00 1.89956
4 17.50 0.00 24.50 0.00 19.00 0.00 19.50 0.00 0.861785
4 0.50 0.00 29.00 0.00 24.50 0.00 26.50 0.00 0.855826
4 10.00 0.00 31.00 0.00 19.00 0.00 20.50 0.00 0.260489
4 16.00 0.00 23.00 0.00 20.50 0.00 21.00 0.00 0.771996
4 2.50 0.00 31.00 0.00 22.50 0.00 24.50 0.00 0.289264
4 13.00 0.00 27.00 0.00 20.00 0.00 21.00 0.00 0.358339
4 13.50 0.00 27.50 0.00 19.50 0.00 20.50 0.00 0.32656
4 11.50 0.00 25.50 0.00 21.50 0.00 22.50 0.00 0.501341
4 12.50 0.00 26.50 0.00 20.50 0.00 21.50 0.00 0.343497
4 15.50 0.00 29.50 0.00 17.50 0.00 18.50 0.00 1.23117
4 14.50 0.00 28.50 0.00 18.50 0.00 19.50 0.00 0.399052
4 10.50 0.00 24.50 0.00 22.50 0.00 23.50 0.00 3.2632
4 16.00 0.00 30.00 0.00 17.00 0.00 18.00 0.00 3.00603
4 14.00 0.00 28.00 0.00 19.00 0.00 20.00 0.00 0.345054
4 11.00 0.00 25.00 0.00 22.00 0.00 23.00 0.00 0.966157
4 12.00 0.00 26.00 0.00 21.00 0.00 22.00 0.00 0.357642
4 0.50 0.00 31.00 0.00 23.50 0.00 26.00 0.00 0.430506
4 15.00 0.00 29.00 0.00 18.00 0.00 19.00 0.00 0.572958
4 8.00 0.00 29.00 0.00 21.50 0.00 23.00 0.00 0.300143
4 16.00 0.00 23.00 0.00 21.00 0.00 21.50 0.00 0.88105
4 6.50 0.00 27.50 0.00 23.00 0.00 24.50 0.00 0.581209
4 9.50 0.00 30.50 0.00 20.00 0.00 21.50 0.00 0.259354
4 17.00 0.00 24.00 0.00 20.00 0.00 20.50 0.00 0.497271
4 17.50 0.00 24.50 0.00 19.50 0.00 20.00 0.00 0.582423
4 15.50 0.00 22.50 0.00 21.50 0.00 22.00 0.00 6.86856
4 16.50 0.00 23.50 0.00 20.50 0.00 21.00 0.00 0.610713
4 18.00 0.00 25.00 0.00 19.00 0.00 19.50 0.00 1.90415
4 1.00 0.00 29.00 0.00 25.00 0.00 27.00 0.00 1.17373
4 2.00 0.00 30.00 0.00 24.00 0.00 26.00 0.00 0.483495
4 3.00 0.00 31.00 0.00 23.00 0.00 25.00 0.00 0.306277
4 1.00 0.00 30.50 0.00 24.00 0.00 26.50 0.00 0.531633
4 18.00 0.00 25.00 0.00 19.50 0.00 20.00 0.00 0.9143
4 3.00 0.00 31.50 0.00 23.00 0.00 25.00 0.00 0.275133
4 9.00 0.00 30.00 0.00 21.00 0.00 22.50 0.00 0.237036
4 10.50 0.00 31.50 0.00 19.50 0.00 21.00 0.00 0.273772
4 16.50 0.00 23.50 0.00 21.00 0.00 21.50 0.00 0.58529
4 17.50 0.00 24.50 0.00 20.00 0.00 20.50 0.00 0.512764
4 16.00 0.00 23.00 0.00 21.50 0.00 22.00 0.00 1.82362
4 1.00 0.00 29.50 0.00 25.00 0.00 27.00 0.00 0.821287
4 2.00 0.00 30.50 0.00 24.00 0.00 26.00 0.00 0.418176
4 6.00 0.00 27.00 0.00 24.00 0.00 25.50 0.00 1.9072
4 17.00 0.00 24.00 0.00 20.50 0.00 21.00 0.00 0.539694
4 18.50 0.00 25.50 0.00 19.00 0.00 19.50 0.00 8.4868
4 7.50 0.00 28.50 0.00 22.50 0.00 24.00 0.00 0.384709
4 1.00 0.00 31.50 0.00 24.00 0.00 26.50 0.00 0.404972
4 15.50 0.00 29.50 0.00 18.50 0.00 19.50 0.00 0.573211
4 13.50 0.00 27.50 0.00 20.50 0.00 21.50 0.00 0.321561
4 16.00 0.00 30.00 0.00 18.00 0.00 19.00 0.00 1.02557
4 15.00 0.00 29.00 0.00 19.00 0.00 20.00 0.00 0.40544
4 0.00 0.00 29.50 0.00 25.50 0.00 28.00 0.00 2.15321
4 11.00 0.00 25.00 0.00 23.00 0.00 24.00 0.00 3.06526
4 12.00 0.00 26.00 0.00 22.00 0.00 23.00 0.00 0.528085
4 13.00 0.00 27.00 0.00 21.00 0.00 22.00 0.00 0.30875
4 14.00 0.00 28.00 0.00 20.00 0.00 21.00 0.00 0.359099
4 16.50 0.00 30.50 0.00 17.50 0.00 18.50 0.00 3.3877
4 14.50 0.00 28.50 0.00 19.50 0.00 20.50 0.00 0.345541
4 11.50 0.00 25.50 0.00 22.50 0.00 23.50 0.00 1.06968
4 12.50 0.00 26.50 0.00 21.50 0.00 22.50 0.00 0.35373
4 16.00 0.00 23.00 0.00 22.00 0.00 22.50 0.00 4.95801
4 17.00 0.00 24.00 0.00 21.00 0.00 21.50 0.00 0.464196
4 7.00 0.00 28.00 0.00 23.50 0.00 25.00 0.00 0.612434
4 10.00 0.00 31.00 0.00 20.50 0.00 22.00 0.00 0.250614
4 8.50 0.00 29.50 0.00 22.00 0.00 23.50 0.00 0.300845
4 16.50 0.00 23.50 0.00 21.50 0.00 22.00 0.00 0.949412
4 18.00 0.00 25.00 0.00 20.00 0.00 20.50 0.00 0.635953
4 18.50 0.00 25.50 0.00 19.50 0.00 20.00 0.00 2.0804
4 17.50 0.00 24.50 0.00 20.50 0.00 21.00 0.00 0.513494
4 3.50 0.00 31.50 0.00 23.50 0.00 25.50 0.00 0.296754
4 1.50 0.00 29.50 0.00 25.50 0.00 27.50 0.00 1.24485
4 2.50 0.00 30.50 0.00 24.50 0.00 26.50 0.00 0.451931
4 0.00 0.00 30.50 0.00 25.50 0.00 28.00 0.00 0.931881
4 16.50 0.00 23.50 0.00 22.00 0.00 22.50 0.00 1.68447
4 17.50 0.00 24.50 0.00 21.00 0.00 21.50 0.00 0.398258
4 2.50 0.00 31.00 0.00 24.50 0.00 26.50 0.00 0.392519
4 8.00 0.00 29.00 0.00 23.00 0.00 24.50 0.00 0.358643
4 18.00 0.00 25.00 0.00 20.50 0.00 21.00 0.00 0.559037
4 9.50 0.00 30.50 0.00 21.50 0.00 23.00 0.00 0.261385
4 1.50 0.00 31.50 0.00 24.50 0.00 27.00 0.00 0.442313
4 1.50 0.00 30.00 0.00 25.50 0.00 27.50 0.00 0.85353
4 17.00 0.00 24.00 0.00 21.50 0.00 22.00 0.00 0.644773
4 18.50 0.00 25.50 0.00 20.00 0.00 20.50 0.00 0.977594
4 19.00 0.00 26.00 0.00 19.50 0.00 20.00 0.00 8.59389
4 6.50 0.00 27.50 0.00 24.50 0.00 26.00 0.00 1.96166
4 0.50 0.00 30.00 0.00 26.00 0.00 28.50 0.00 2.07047
4 0.00 0.00 31.50 0.00 25.50 0.00 28.00 0.00 0.574596
4 12.00 0.00 26.00 0.00 23.00 0.00 24.00 0.00 0.816905
4 14.50 0.00 28.50 0.00 20.50 0.00 21.50 0.00 0.32545
4 17.00 0.00 31.00 0.00 18.00 0.00 19.00 0.00 2.69038
4 13.00 0.00 27.00 0.00 22.00 0.00 23.00 0.00 0.396739
4 15.00 0.00 29.00 0.00 20.00 0.00 21.00 0.00 0.385986
4 14.00 0.00 28.00 0.00 21.00 0.00 22.00 0.00 0.288784
4 16.50 0.00 30.50 0.00 18.50 0.00 19.50 0.00 0.946073
4 15.50 0.00 29.50 0.00 19.50 0.00 20.50 0.00 0.415526
4 11.50 0.00 25.50 0.00 23.50 0.00 24.50 0.00 4.38057
4 16.00 0.00 30.00 0.00 19.00 0.00 20.00 0.00 0.546321
4 12.50 0.00 26.50 0.00 22.50 0.00 23.50 0.00 0.544185
4 13.50 0.00 27.50 0.00 21.50 0.00 22.50 0.00 0.303491
4 18.50 0.00 25.50 0.00 20.50 0.00 21.00 0.00 0.691791
4 9.00 0.00 30.00 0.00 22.50 0.00 24.00 0.00 0.300709
4 16.50 0.00 23.50 0.00 22.50 0.00 23.00 0.00 6.81558
4 18.00 0.00 25.00 0.00 21.00 0.00 21.50 0.00 0.382433
4 17.50 0.00 24.50 0.00 21.50 0.00 22.00 0.00 0.500872
4 7.50 0.00 28.50 0.00 24.00 0.00 25.50 0.00 0.591011
4 19.00 0.00 26.00 0.00 20.00 0.00 20.50 0.00 2.02122
4 10.50 0.00 31.50 0.00 21.00 0.00 22.50 0.00 0.222684
4 17.00 0.00 24.00 0.00 22.00 0.00 22.50 0.00 0.887417
4 0.50 0.00 31.00 0.00 26.00 0.00 28.50 0.00 0.927676
4 2.00 0.00 30.00 0.00 26.00 0.00 28.00 0.00 1.1723
4 3.00 0.00 31.00 0.00 25.00 0.00 27.00 0.00 0.428299
4 19.00 0.00 26.00 0.00 20.50 0.00 21.00 0.00 0.984167
4 8.50 0.00 29.50 0.00 23.50 0.00 25.00 0.00 0.376535
4 17.00 0.00 24.00 0.00 22.50 0.00 23.00 0.00 2.25106
4 18.50 0.00 25.50 0.00 21.00 0.00 21.50 0.00 0.422494
4 10.00 0.00 31.00 0.00 22.00 0.00 23.50 0.00 0.25986
4 19.50 0.00 26.50 0.00 20.00 0.00 20.50 0.00 7.59942
4 17.50 0.00 24.50 0.00 22.00 0.00 22.50 0.00 0.588417
4 2.00 0.00 30.50 0.00 26.00 0.00 28.00 0.00 0.809237
4 18.00 0.00 25.00 0.00 21.50 0.00 22.00 0.00 0.437826
4 3.00 0.00 31.50 0.00 25.00 0.00 27.00 0.00 0.364544
4 7.00 0.00 28.00 0.00 25.00 0.00 26.50 0.00 1.88471
4 13.00 0.00 27.00 0.00 23.00 0.00 24.00 0.00 0.481486
4 15.00 0.00 29.00 0.00 21.00 0.00 22.00 0.00 0.290918
4 14.00 0.00 28.00 0.00 22.00 0.00 23.00 0.00 0.337152
4 1.00 0.00 30.50 0.00 26.50 0.00 29.00 0.00 2.03276
4 17.50 0.00 31.50 0.00 18.50 0.00 19.50 0.00 2.42725
4 12.50 0.00 26.50 0.00 23.50 0.00 24.50 0.00 0.891078
4 17.00 0.00 31.00 0.00 19.00 0.00 20.00 0.00 0.864438
4 13.50 0.00 27.50 0.00 22.50 0.00 23.50 0.00 0.403038
4 12.00 0.00 26.00 0.00 24.00 0.00 25.00 0.00 3.47575
4 16.00 0.00 30.00 0.00 20.00 0.00 21.00 0.00 0.451838
4 16.50 0.00 30.50 0.00 19.50 0.00 20.50 0.00 0.536456
4 15.50 0.00 29.50 0.00 20.50 0.00 21.50 0.00 0.362409
4 14.50 0.00 28.50 0.00 21.50 0.00 22.50 0.00 0.288743
4 19.50 0.00 26.50 0.00 20.50 0.00 21.00 0.00 1.93562
4 17.50 0.00 24.50 0.00 22.50 0.00 23.00 0.00 1.15498
4 18.00 0.00 25.00 0.00 22.00 0.00 22.50 0.00 0.449285
4 19.00 0.00 26.00 0.00 21.00 0.00 21.50 0.00 0.513521
4 9.50 0.00 30.50 0.00 23.00 0.00 24.50 0.00 0.280873
4 17.00 0.00 24.00 0.00 23.00 0.00 23.50 0.00 8.27596
4 18.50 0.00 25.50 0.00 21.50 0.00 22.00 0.00 0.440294
4 8.00 0.00 29.00 0.00 24.50 0.00 26.00 0.00 0.612405
4 3.50 0.00 31.50 0.00 25.50 0.00 27.50 0.00 0.435477
4 1.00 0.00 31.50 0.00 26.50 0.00 29.00 0.00 0.925044
4 2.50 0.00 30.50 0.00 26.50 0.00 28.50 0.00 1.17948
4 2.50 0.00 31.00 0.00 26.50 0.00 28.50 0.00 0.834981
4 18.50 0.00 25.50 0.00 22.00 0.00 22.50 0.00 0.409917
4 7.50 0.00 28.50 0.00 25.50 0.00 27.00 0.00 1.82709
4 19.50 0.00 26.50 0.00 21.00 0.00 21.50 0.00 0.799904
4 17.50 0.00 24.50 0.00 23.00 0.00 23.50 0.00 2.2807
4 18.00 0.00 25.00 0.00 22.50 0.00 23.00 0.00 0.742913
4 9.00 0.00 30.00 0.00 24.00 0.00 25.50 0.00 0.370932
4 20.00 0.00 27.00 0.00 20.50 0.00 21.00 0.00 5.0326
4 19.00 0.00 26.00 0.00 21.50 0.00 22.00 0.00 0.470564
4 10.50 0.00 31.50 0.00 22.50 0.00 24.00 0.00 0.258056
4 15.00 0.00 29.00 0.00 22.00 0.00 23.00 0.00 0.31479
4 14.00 0.00 28.00 0.00 23.00 0.00 24.00 0.00 0.357839
4 16.50 0.00 30.50 0.00 20.50 0.00 21.50 0.00 0.417153
4 13.50 0.00 27.50 0.00 23.50 0.00 24.50 0.00 0.488742
4 13.00 0.00 27.00 0.00 24.00 0.00 25.00 0.00 1.00353
4 16.00 0.00 30.00 0.00 21.00 0.00 22.00 0.00 0.315035
4 15.50 0.00 29.50 0.00 21.50 0.00 22.50 0.00 0.301649
4 14.50 0.00 28.50 0.00 22.50 0.00 23.50 0.00 0.347142
4 17.00 0.00 31.00 0.00 20.00 0.00 21.00 0.00 0.570964
4 17.50 0.00 31.50 0.00 19.50 0.00 20.50 0.00 0.816786
4 12.50 0.00 26.50 0.00 24.50 0.00 25.50 0.00 3.5131
4 18.00 0.00 25.00 0.00 23.00 0.00 23.50 0.00 1.03524
4 20.00 0.00 27.00 0.00 21.00 0.00 21.50 0.00 1.4405
4 19.00 0.00 26.00 0.00 22.00 0.00 22.50 0.00 0.389296
4 10.00 0.00 31.00 0.00 23.50 0.00 25.00 0.00 0.293376
4 18.50 0.00 25.50 0.00 22.50 0.00 23.00 0.00 0.616927
4 19.50 0.00 26.50 0.00 21.50 0.00 22.00 0.00 0.60401
4 1.50 0.00 31.50 0.00 27.00 0.00 29.50 0.00 1.3703
4 8.50 0.00 29.50 0.00 25.00 0.00 26.50 0.00 0.554436
4 17.50 0.00 24.50 0.00 23.50 0.00 24.00 0.00 8.19869
4 3.00 0.00 31.00 0.00 27.00 0.00 29.00 0.00 1.18635
4 0.00 0.00 31.50 0.00 28.00 0.00 30.50 0.00 4.55042
4 18.50 0.00 25.50 0.00 23.00 0.00 23.50 0.00 0.704768
4 20.50 0.00 27.50 0.00 21.00 0.00 21.50 0.00 5.74091
4 19.50 0.00 26.50 0.00 22.00 0.00 22.50 0.00 0.443707
4 9.50 0.00 30.50 0.00 24.50 0.00 26.00 0.00 0.378009
4 18.00 0.00 25.00 0.00 23.50 0.00 24.00 0.00 2.20687
4 3.00 0.00 31.50 0.00 27.00 0.00 29.00 0.00 0.825403
4 20.00 0.00 27.00 0.00 21.50 0.00 22.00 0.00 0.849482
4 19.00 0.00 26.00 0.00 22.50 0.00 23.00 0.00 0.498394
4 8.00 0.00 29.00 0.00 26.00 0.00 27.50 0.00 1.82579
4 17.50 0.00 31.50 0.00 20.50 0.00 21.50 0.00 0.515005
4 15.50 0.00 29.50 0.00 22.50 0.00 23.50 0.00 0.332906
4 14.50 0.00 28.50 0.00 23.50 0.00 24.50 0.00 0.362638
4 16.00 0.00 30.00 0.00 22.00 0.00 23.00 0.00 0.318886
4 14.00 0.00 28.00 0.00 24.00 0.00 25.00 0.00 0.537563
4 17.00 0.00 31.00 0.00 21.00 0.00 22.00 0.00 0.359051
4 13.00 0.00 27.00 0.00 25.00 0.00 26.00 0.00 3.85473
4 15.00 0.00 29.00 0.00 23.00 0.00 24.00 0.00 0.311932
4 13.50 0.00 27.50 0.00 24.50 0.00 25.50 0.00 0.914411
4 16.50 0.00 30.50 0.00 21.50 0.00 22.50 0.00 0.325774
4 18.50 0.00 25.50 0.00 23.50 0.00 24.00 0.00 1.13624
4 9.00 0.00 30.00 0.00 25.50 0.00 27.00 0.00 0.543186
4 10.50 0.00 31.50 0.00 24.00 0.00 25.50 0.00 0.285676
4 20.50 0.00 27.50 0.00 21.50 0.00 22.00 0.00 1.93551
4 19.50 0.00 26.50 0.00 22.50 0.00 23.00 0.00 0.505046
4 18.00 0.00 25.00 0.00 24.00 0.00 24.50 0.00 10.8486
4 20.00 0.00 27.00 0.00 22.00 0.00 22.50 0.00 0.547807
4 19.00 0.00 26.00 0.00 23.00 0.00 23.50 0.00 0.486698
4 3.50 0.00 31.50 0.00 27.50 0.00 29.50 0.00 1.23028
4 20.00 0.00 27.00 0.00 22.50 0.00 23.00 0.00 0.55875
4 19.00 0.00 26.00 0.00 23.50 0.00 24.00 0.00 0.578227
4 21.00 0.00 28.00 0.00 21.50 0.00 22.00 0.00 6.19528
4 18.50 0.00 25.50 0.00 24.00 0.00 24.50 0.00 3.44778
4 20.50 0.00 27.50 0.00 22.00 0.00 22.50 0.00 0.896401
4 19.50 0.00 26.50 0.00 23.00 0.00 23.50 0.00 0.448209
4 8.50 0.00 29.50 0.00 26.50 0.00 28.00 0.00 1.79836
4 10.00 0.00 31.00 0.00 25.00 0.00 26.50 0.00 0.340364
4 15.50 0.00 29.50 0.00 23.50 0.00 24.50 0.00 0.320202
4 13.50 0.00 27.50 0.00 25.50 0.00 26.50 0.00 4.03032
4 16.00 0.00 30.00 0.00 23.00 0.00 24.00 0.00 0.300814
4 15.00 0.00 29.00 0.00 24.00 0.00 25.00 0.00 0.398676
4 17.00 0.00 31.00 0.00 22.00 0.00 23.00 0.00 0.336773
4 14.00 0.00 28.00 0.00 25.00 0.00 26.00 0.00 0.953358
4 16.50 0.00 30.50 0.00 22.50 0.00 23.50 0.00 0.334018
4 14.50 0.00 28.50 0.00 24.50 0.00 25.50 0.00 0.495726
4 17.50 0.00 31.50 0.00 21.50 0.00 22.50 0.00 0.368872
4 20.50 0.00 27.50 0.00 22.50 0.00 23.00 0.00 0.697973
4 19.50 0.00 26.50 0.00 23.50 0.00 24.00 0.00 0.464517
4 20.00 0.00 27.00 0.00 23.00 0.00 23.50 0.00 0.448639
4 18.50 0.00 25.50 0.00 24.50 0.00 25.00 0.00 18.0835
4 19.00 0.00 26.00 0.00 24.00 0.00 24.50 0.00 1.0505
4 21.00 0.00 28.00 0.00 22.00 0.00 22.50 0.00 1.8828
4 9.50 0.00 30.50 0.00 26.00 0.00 27.50 0.00 0.54708
4 10.50 0.00 31.50 0.00 25.50 0.00 27.00 0.00 0.330515
4 21.00 0.00 28.00 0.00 22.50 0.00 23.00 0.00 1.16916
4 20.50 0.00 27.50 0.00 23.00 0.00 23.50 0.00 0.522668
4 19.50 0.00 26.50 0.00 24.00 0.00 24.50 0.00 0.685924
4 19.00 0.00 26.00 0.00 24.50 0.00 25.00 0.00 2.63266
4 9.00 0.00 30.00 0.00 27.00 0.00 28.50 0.00 1.74242
4 21.50 0.00 28.50 0.00 22.00 0.00 22.50 0.00 5.33688
4 20.00 0.00 27.00 0.00 23.50 0.00 24.00 0.00 0.418586
4 15.00 0.00 29.00 0.00 25.00 0.00 26.00 0.00 0.507484
4 14.00 0.00 28.00 0.00 26.00 0.00 27.00 0.00 4.1742
4 16.50 0.00 30.50 0.00 23.50 0.00 24.50 0.00 0.305026
4 15.50 0.00 29.50 0.00 24.50 0.00 25.50 0.00 0.377131
4 16.00 0.00 30.00 0.00 24.00 0.00 25.00 0.00 0.349393
4 17.50 0.00 31.50 0.00 22.50 0.00 23.50 0.00 0.350863
4 14.50 0.00 28.50 0.00 25.50 0.00 26.50 0.00 0.884083
4 17.00 0.00 31.00 0.00 23.00 0.00 24.00 0.00 0.306237
4 21.50 0.00 28.50 0.00 22.50 0.00 23.00 0.00 1.98143
4 10.00 0.00 31.00 0.00 26.50 0.00 28.00 0.00 0.548959
4 20.00 0.00 27.00 0.00 24.00 0.00 24.50 0.00 0.532563
4 21.00 0.00 28.00 0.00 23.00 0.00 23.50 0.00 0.687977
4 19.00 0.00 26.00 0.00 25.00 0.00 25.50 0.00 10.6826
4 19.50 0.00 26.50 0.00 24.50 0.00 25.00 0.00 1.20556
4 20.50 0.00 27.50 0.00 23.50 0.00 24.00 0.00 0.428212
4 22.00 0.00 29.00 0.00 22.50 0.00 23.00 0.00 7.01036
4 20.50 0.00 27.50 0.00 24.00 0.00 24.50 0.00 0.477517
4 20.00 0.00 27.00 0.00 24.50 0.00 25.00 0.00 0.759618
4 21.50 0.00 28.50 0.00 23.00 0.00 23.50 0.00 0.980736
4 19.50 0.00 26.50 0.00 25.00 0.00 25.50 0.00 2.49291
4 9.50 0.00 30.50 0.00 27.50 0.00 29.00 0.00 1.65842
4 21.00 0.00 28.00 0.00 23.50 0.00 24.00 0.00 0.502133
4 15.00 0.00 29.00 0.00 26.00 0.00 27.00 0.00 0.819072
4 17.50 0.00 31.50 0.00 23.50 0.00 24.50 0.00 0.306319
4 17.00 0.00 31.00 0.00 24.00 0.00 25.00 0.00 0.334522
4 15.50 0.00 29.50 0.00 25.50 0.00 26.50 0.00 0.478601
4 16.00 0.00 30.00 0.00 25.00 0.00 26.00 0.00 0.377541
4 16.50 0.00 30.50 0.00 24.50 0.00 25.50 0.00 0.326616
4 14.50 0.00 28.50 0.00 26.50 0.00 27.50 0.00 4.36197
4 21.00 0.00 28.00 0.00 24.00 0.00 24.50 0.00 0.490783
4 20.00 0.00 27.00 0.00 25.00 0.00 25.50 0.00 1.06646
4 20.50 0.00 27.50 0.00 24.50 0.00 25.00 0.00 0.576475
4 10.50 0.00 31.50 0.00 27.00 0.00 28.50 0.00 0.54683
4 22.00 0.00 29.00 0.00 23.00 0.00 23.50 0.00 1.85214
4 21.50 0.00 28.50 0.00 23.50 0.00 24.00 0.00 0.617719
4 19.50 0.00 26.50 0.00 25.50 0.00 26.00 0.00 10.3958
4 10.00 0.00 31.00 0.00 28.00 0.00 29.50 0.00 1.92343
4 21.50 0.00 28.50 0.00 24.00 0.00 24.50 0.00 0.541374
4 20.50 0.00 27.50 0.00 25.00 0.00 25.50 0.00 0.612722
4 21.00 0.00 28.00 0.00 24.50 0.00 25.00 0.00 0.524734
4 22.50 0.00 29.50 0.00 23.00 0.00 23.50 0.00 5.105
4 20.00 0.00 27.00 0.00 25.50 0.00 26.00 0.00 2.99715
4 22.00 0.00 29.00 0.00 23.50 0.00 24.00 0.00 0.922057
4 16.50 0.00 30.50 0.00 25.50 0.00 26.50 0.00 0.35741
4 16.00 0.00 30.00 0.00 26.00 0.00 27.00 0.00 0.430233
4 15.50 0.00 29.50 0.00 26.50 0.00 27.50 0.00 0.925615
4 17.00 0.00 31.00 0.00 25.00 0.00 26.00 0.00 0.328185
4 17.50 0.00 31.50 0.00 24.50 0.00 25.50 0.00 0.305682
4 15.00 0.00 29.00 0.00 27.00 0.00 28.00 0.00 3.38383
4 22.00 0.00 29.00 0.00 24.00 0.00 24.50 0.00 0.679922
4 21.00 0.00 28.00 0.00 25.00 0.00 25.50 0.00 0.459353
4 21.50 0.00 28.50 0.00 24.50 0.00 25.00 0.00 0.522388
4 20.50 0.00 27.50 0.00 25.50 0.00 26.00 0.00 1.27359
4 22.50 0.00 29.50 0.00 23.50 0.00 24.00 0.00 1.72056
4 20.00 0.00 27.00 0.00 26.00 0.00 26.50 0.00 13.478
4 21.50 0.00 28.50 0.00 25.00 0.00 25.50 0.00 0.40119
4 23.00 0.00 30.00 0.00 23.50 0.00 24.00 0.00 6.29961
4 22.00 0.00 29.00 0.00 24.50 0.00 25.00 0.00 0.585216
4 10.50 0.00 31.50 0.00 28.50 0.00 30.00 0.00 1.81984
4 22.50 0.00 29.50 0.00 24.00 0.00 24.50 0.00 0.97437
4 21.00 0.00 28.00 0.00 25.50 0.00 26.00 0.00 0.786171
4 20.50 0.00 27.50 0.00 26.00 0.00 26.50 0.00 2.97745
4 15.50 0.00 29.50 0.00 27.50 0.00 28.50 0.00 3.12426
4 16.00 0.00 30.00 0.00 27.00 0.00 28.00 0.00 0.881973
4 17.00 0.00 31.00 0.00 26.00 0.00 27.00 0.00 0.314119
4 16.50 0.00 30.50 0.00 26.50 0.00 27.50 0.00 0.478755
4 17.50 0.00 31.50 0.00 25.50 0.00 26.50 0.00 0.311129
4 22.00 0.00 29.00 0.00 25.00 0.00 25.50 0.00 0.399646
4 22.50 0.00 29.50 0.00 24.50 0.00 25.00 0.00 0.723726
4 20.50 0.00 27.50 0.00 26.50 0.00 27.00 0.00 15.0277
4 21.50 0.00 28.50 0.00 25.50 0.00 26.00 0.00 0.597202
4 23.00 0.00 30.00 0.00 24.00 0.00 24.50 0.00 2.06807
4 21.00 0.00 28.00 0.00 26.00 0.00 26.50 0.00 1.09924
4 22.50 0.00 29.50 0.00 25.00 0.00 25.50 0.00 0.444544
4 21.00 0.00 28.00 0.00 26.50 0.00 27.00 0.00 3.24168
4 22.00 0.00 29.00 0.00 25.50 0.00 26.00 0.00 0.545454
4 23.50 0.00 30.50 0.00 24.00 0.00 24.50 0.00 8.05
4 23.00 0.00 30.00 0.00 24.50 0.00 25.00 0.00 1.13785
4 21.50 0.00 28.50 0.00 26.00 0.00 26.50 0.00 0.587663
4 17.00 0.00 31.00 0.00 27.00 0.00 28.00 0.00 0.466568
4 16.50 0.00 30.50 0.00 27.50 0.00 28.50 0.00 0.841623
4 17.50 0.00 31.50 0.00 26.50 0.00 27.50 0.00 0.340537
4 16.00 0.00 30.00 0.00 28.00 0.00 29.00 0.00 2.99314
4 21.50 0.00 28.50 0.00 26.50 0.00 27.00 0.00 1.11485
4 23.00 0.00 30.00 0.00 25.00 0.00 25.50 0.00 0.576459
4 23.50 0.00 30.50 0.00 24.50 0.00 25.00 0.00 2.3789
4 22.50 0.00 29.50 0.00 25.50 0.00 26.00 0.00 0.549839
4 21.00 0.00 28.00 0.00 27.00 0.00 27.50 0.00 17.1082
4 22.00 0.00 29.00 0.00 26.00 0.00 26.50 0.00 0.432174
4 22.00 0.00 29.00 0.00 26.50 0.00 27.00 0.00 0.61416
4 23.50 0.00 30.50 0.00 25.00 0.00 25.50 0.00 0.910498
4 24.00 0.00 31.00 0.00 24.50 0.00 25.00 0.00 8.25999
4 21.50 0.00 28.50 0.00 27.00 0.00 27.50 0.00 3.42012
4 22.50 0.00 29.50 0.00 26.00 0.00 26.50 0.00 0.375768
4 23.00 0.00 30.00 0.00 25.50 0.00 26.00 0.00 0.670196
4 16.50 0.00 30.50 0.00 28.50 0.00 29.50 0.00 3.39201
4 17.50 0.00 31.50 0.00 27.50 0.00 28.50 0.00 0.444455
4 17.00 0.00 31.00 0.00 28.00 0.00 29.00 0.00 0.859034
4 23.00 0.00 30.00 0.00 26.00 0.00 26.50 0.00 0.387312
4 22.50 0.00 29.50 0.00 26.50 0.00 27.00 0.00 0.456764
4 24.00 0.00 31.00 0.00 25.00 0.00 25.50 0.00 1.9829
4 22.00 0.00 29.00 0.00 27.00 0.00 27.50 0.00 1.17005
4 23.50 0.00 30.50 0.00 25.50 0.00 26.00 0.00 0.890484
4 21.50 0.00 28.50 0.00 27.50 0.00 28.00 0.00 12.1061
4 23.50 0.00 30.50 0.00 26.00 0.00 26.50 0.00 0.436866
4 24.50 0.00 31.50 0.00 25.00 0.00 25.50 0.00 9.52331
4 22.50 0.00 29.50 0.00 27.00 0.00 27.50 0.00 0.69803
4 23.00 0.00 30.00 0.00 26.50 0.00 27.00 0.00 0.406396
4 24.00 0.00 31.00 0.00 25.50 0.00 26.00 0.00 1.44735
4 22.00 0.00 29.00 0.00 27.50 0.00 28.00 0.00 2.3805
4 17.00 0.00 31.00 0.00 29.00 0.00 30.00 0.00 3.532
4 17.50 0.00 31.50 0.00 28.50 0.00 29.50 0.00 0.920232
4 24.00 0.00 31.00 0.00 26.00 0.00 26.50 0.00 0.558368
4 22.00 0.00 29.00 0.00 28.00 0.00 28.50 0.00 7.29266
4 23.50 0.00 30.50 0.00 26.50 0.00 27.00 0.00 0.40755
4 24.50 0.00 31.50 0.00 25.50 0.00 26.00 0.00 3.89483
4 22.50 0.00 29.50 0.00 27.50 0.00 28.00 0.00 1.02807
4 23.00 0.00 30.00 0.00 27.00 0.00 27.50 0.00 0.512936
4 24.50 0.00 31.50 0.00 26.00 0.00 26.50 0.00 0.936525
4 22.50 0.00 29.50 0.00 28.00 0.00 28.50 0.00 2.24833
4 23.00 0.00 30.00 0.00 27.50 0.00 28.00 0.00 0.603973
4 24.00 0.00 31.00 0.00 26.50 0.00 27.00 0.00 0.455934
4 23.50 0.00 30.50 0.00 27.00 0.00 27.50 0.00 0.446136
4 17.50 0.00 31.50 0.00 29.50 0.00 30.50 0.00 3.54435
4 23.50 0.00 30.50 0.00 27.50 0.00 28.00 0.00 0.44654
4 24.50 0.00 31.50 0.00 26.50 0.00 27.00 0.00 0.615384
4 22.50 0.00 29.50 0.00 28.50 0.00 29.00 0.00 6.9838
4 23.00 0.00 30.00 0.00 28.00 0.00 28.50 0.00 1.01416
4 24.00 0.00 31.00 0.00 27.00 0.00 27.50 0.00 0.441549
4 24.00 0.00 31.00 0.00 27.50 0.00 28.00 0.00 0.389787
4 23.50 0.00 30.50 0.00 28.00 0.00 28.50 0.00 0.614906
4 24.50 0.00 31.50 0.00 27.00 0.00 27.50 0.00 0.506628
4 23.00 0.00 30.00 0.00 28.50 0.00 29.00 0.00 2.14249
4 24.50 0.00 31.50 0.00 27.50 0.00 28.00 0.00 0.391016
4 23.00 0.00 30.00 0.00 29.00 0.00 29.50 0.00 10.6905
4 24.00 0.00 31.00 0.00 28.00 0.00 28.50 0.00 0.467662
4 23.50 0.00 30.50 0.00 28.50 0.00 29.00 0.00 0.972577
4 23.50 0.00 30.50 0.00 29.00 0.00 29.50 0.00 2.56882
4 24.50 0.00 31.50 0.00 28.00 0.00 28.50 0.00 0.406254
4 24.00 0.00 31.00 0.00 28.50 0.00 29.00 0.00 0.608477
4 23.50 0.00 30.50 0.00 29.50 0.00 30.00 0.00 8.26075
4 24.00 0.00 31.00 0.00 29.00 0.00 29.50 0.00 1.20781
4 24.50 0.00 31.50 0.00 28.50 0.00 29.00 0.00 0.462082
4 24.50 0.00 31.50 0.00 29.00 0.00 29.50 0.00 0.670022
4 24.00 0.00 31.00 0.00 29.50 0.00 30.00 0.00 2.4685
4 24.00 0.00 31.00 0.00 30.00 0.00 30.50 0.00 11.2384
4 24.50 0.00 31.50 0.00 29.50 0.00 30.00 0.00 1.0525
4 24.50 0.00 31.50 0.00 30.00 0.00 30.50 0.00 2.64394
4 24.50 0.00 31.50 0.00 30.50 0.00 31.00 0.00 14.9798
0
0
0
0
0
0
0
0
